    0.208076841314102553E-95   -0.107323944769018249E+04    0.146051659172415157E+03    0.169392893833390096E+00    0.969140022993087769E+01    0.230352371931076050E+01    0.605587631464004517E+01    0.169500875473022461E+01   -0.355573236942291260E+01
    0.406308754156135452E-90   -0.109760371043597888E+04    0.872759897904175491E-01    0.252379896480468275E+02    0.853364812407649609E+01    0.134362800319546727E+01    0.476201009008507015E+01    0.224149211574972279E+00   -0.337554115343974992E+01
    0.392278905174794243E-43   -0.131397642863900023E+04    0.139722693817029529E-01    0.115746274260123229E+03    0.855206972360610962E+01    0.132923021912574768E+01    0.575296729803085327E+01    0.212057352066040039E+00   -0.353581607341766357E+01
    0.999730697212517505E+00   -0.151386977235715585E+04    0.108402708545412133E+00    0.390645443027267788E+03    0.872956217599002926E+01    0.506460924766290121E+00    0.502025760717819480E+01    0.111825412362416998E+00   -0.331553299307227300E+01
    0.115718315860041405E-96   -0.106746078047529636E+04    0.877058853744053513E-01    0.259363237041698881E+03    0.896023923529646460E+01    0.244927247130734971E+01    0.109184966647505943E+01    0.708225014856265489E-01   -0.284647071104615978E+01
    0.269302356193293194E-03   -0.149743095941754837E+04    0.774005410668958949E-01    0.410428265039311568E+00    0.932165986299514771E+01    0.236073359847068787E+01    0.144926190376281738E+01    0.302841663360595703E-01   -0.326599884033203125E+01
    0.508615055935087757E-67   -0.120397178092660852E+04    0.152820505043100123E-01    0.596344963515682627E-01    0.909566605091094971E+01    0.199171066284179688E+01    0.392915636301040649E+01    0.162269353866577148E+00   -0.363194894790649414E+01
    0.719239895230669894E-81   -0.114019240531886157E+04    0.375662087840200387E+00    0.264300898820155339E+00    0.910853416514544101E+01    0.133564215758461891E+01    0.279781409860416241E+01    0.374630772561788228E+00   -0.398433726496918972E+01
    0.269886062757878046E-87   -0.111060099405663959E+04    0.631623893526071697E+03    0.589626121722375203E+02    0.845417445898056030E+01    0.998535901308059692E+00    0.630746126174926758E+01    0.890402793884277344E-01   -0.321801090240478516E+01
    0.491064258332857667E-90   -0.109798263372157498E+04    0.267032685533632064E+01    0.903546321433440935E+00    0.959256596268647499E+01    0.123142817176322050E+01    0.388720456112198631E+01    0.515230825739187326E+00   -0.343260300074610925E+01
    0.923852513326734929E-63   -0.122358618364263316E+04    0.385073764377308407E+02    0.265097036257572333E-01    0.959263056516647339E+01    0.124505758285522461E+01    0.611474007368087769E+01    0.798302412033081055E+00   -0.262622535228729248E+01
    0.875350889429445495E-33   -0.136163343398462212E+04    0.244807893289431133E+01    0.241326434836649645E-01    0.967727571725845337E+01    0.400472283363342285E+00    0.463149189949035645E+01    0.133319139480590820E+00   -0.219866871833801270E+01
    0.329963550295938973E-97   -0.106495125682588150E+04    0.372624731384270490E+03    0.160068077876128305E-01    0.989843316374605209E+01    0.213532935841541738E+01    0.484116782799367851E+01    0.853293610227971899E+00   -0.316822440432578833E+01
    0.117845612986758771E-59   -0.123788851031058721E+04    0.447565523519944009E+01    0.117325647122272433E-01    0.952882831921857765E+01    0.139052683323207249E+00    0.367366009770050539E+01    0.420331807186855255E+00   -0.202543730311127934E+01
    0.215127728261379498E-93   -0.108251643705374249E+04    0.710981660169669794E+03    0.182537530479324772E+02    0.952814416490213212E+01    0.146256562217260577E+01    0.593945717925245642E+01    0.901687217698789345E+00   -0.254671900336516854E+01
    0.131223661101573798E-90   -0.109534329014639934E+04    0.487398511505340721E+02    0.402210564927409919E-01    0.977320819354796733E+01    0.107222856756332785E+01    0.413656342397526000E+01    0.686998490196590095E+00   -0.201859840212686592E+01
    0.427958191103537521E-81   -0.113915406642521384E+04    0.619710710333176849E+03    0.608794523443583965E-01    0.951339006423950195E+01    0.533706843852996826E+00    0.581222176551818848E+01    0.468427658081054688E+00   -0.318923854827880859E+01
    0.775318117114114042E-24   -0.140283726285124476E+04    0.293116395941878283E+01    0.147123430388231610E-01    0.967971860580383670E+01    0.189065010776028442E+01    0.504235911615289290E+01    0.536207635038647157E-01   -0.327712981099581535E+01
    0.185627500435152360E-87   -0.110985247825598753E+04    0.130896578877057070E+02    0.347821409970572404E+01    0.968813045031275699E+01    0.122353367884523945E+00    0.197993623711926459E+01    0.101600663401266411E+01   -0.287687132120826217E+01
    0.299440146523705022E-66   -0.120751739730793315E+04    0.176623802751598813E+01    0.381560296881681346E-01    0.982543209339294421E+01    0.617753464623049253E+00    0.972186499016349126E+00    0.692436087924710009E+00   -0.367893975455744249E+01
    0.669418240893744902E-98   -0.106176094032651690E+04    0.120444770963040739E+03    0.314914041056859106E+00    0.969229325047544776E+01    0.215664685734679423E+00    0.116884063703768759E+01    0.113078342222197037E+00   -0.359365753502130847E+01
    0.414962972781328462E-49   -0.128645783995196007E+04    0.220789464660440915E+01    0.694250291503378691E+00    0.964294833755606540E+01    0.176704145730347401E+00    0.108709576278756992E+01    0.283622766772076873E+00   -0.387720803013466853E+01
    0.105227203461379966E-98   -0.105806036596029344E+04    0.676140990803889608E+01    0.143629911331517535E+00    0.993988941199861387E+01    0.835996855882432444E+00    0.464862302075345207E-01    0.153864668873818755E+01   -0.259983296905626604E+01
    0.242719016534783421E-97   -0.106433710136394120E+04    0.736982474703971668E+01    0.318347328356603898E+00    0.986357417298927963E+01    0.111036830321314173E+01    0.197281894413197767E+01    0.123756363774117450E+01   -0.300629703908682888E+01
    0.361455420243772146E-91   -0.109276459098272062E+04    0.136862159782378949E+02    0.494163823569637506E+00    0.996579310748045977E+01    0.119511296842915571E+01    0.261942327988278167E+01    0.764567862069858384E+00   -0.340961439435593361E+01
    0.193146725317728263E-30   -0.137242659516742015E+04    0.353002395653321255E+00    0.119573972907736543E+02    0.944634503126144409E+01    0.476817488670349121E+00    0.234216749668121338E+00    0.309328556060791016E+00   -0.291791331768035889E+01
    0.644212191162164300E-89   -0.110313071024679721E+04    0.133535464279211112E+03    0.656588588859172084E+01    0.995114961099528372E+01    0.840814772912076291E+00    0.125899028077988606E+01    0.132674661732987897E+01   -0.216586348217549851E+01
    0.396254751337568395E-55   -0.125873455487971228E+04    0.496286524329278755E+01    0.200162219793917870E+02    0.972510164092861729E+01    0.264872738599536139E+00    0.217574133751607102E+01    0.388332473417041968E+00   -0.252834416992139754E+01
    0.126157663603446953E-86   -0.111368522932866790E+04    0.733623341266646989E+01    0.519229630899433331E-01    0.990920041751125069E+01    0.675080119471067719E+00    0.685040740021425010E+00    0.489496700671649965E+00   -0.239934242755179206E+01
    0.776328235166212486E-79   -0.114955550661266943E+04    0.215253765264408123E+02    0.954944053648430824E+01    0.991628773325414592E+01    0.380647078765472990E+00    0.607934095938088448E+00    0.498884836391998432E+00   -0.288788452432785325E+01
    0.522055117204629896E-59   -0.124086530584565253E+04    0.155725033940133317E+00    0.187686291351661794E+02    0.953109049797058105E+01    0.121671766042709351E+01    0.101418793201446533E+01    0.222809553146362305E+00   -0.269305574893951416E+01
    0.431278316401916067E-09   -0.147074177605823434E+04    0.660189364543769669E-01    0.568312886401008188E+00    0.927102828563976544E+01    0.137805905710384557E+01    0.362922655318032827E+01    0.192981717370682912E-01   -0.210619797230416106E+01
