delayed:age,delayed:massformed,delayed:metallicity,delayed:tau,dust:Av,nebular:logU,stellar_mass,formed_mass,sfr,ssfr,nsfr,mass_weighted_age,tform,tquench,sfh,photometry,spectrum_full,uvj,chisq_phot,dust_curve
"[2.96974105 2.74310535 2.05719509 2.12592471 1.99784884 1.92259716
 1.93205304 2.53495386 3.5292955  2.08911141 2.34937109 2.63781655
 2.28506096 2.90467332 2.07936592 2.5483046  2.10047684 3.01282417
 1.71705897 2.00899769 2.46680465 2.42106288 2.26558707 2.01216169
 2.20389996 1.91434287 2.45859442 2.21485559 2.53408673 2.11440167
 1.28877654 2.83645077 2.26650069 2.4573281  2.40650835 3.74134932
 2.7836179  2.12592471 2.23319285 2.30459089 2.13159161 2.76424353
 4.3602165  2.55241792 2.1516871  2.63370875 2.82862111 2.24067149
 1.87089663 1.88683936 3.01710267 2.1022558  2.27771492 2.08013158
 2.61730263 2.1278628  2.8043011  2.35266935 2.07232254 1.78433349
 1.40413589 2.7317081  2.39982937 2.35491907 2.41817283 2.220356
 2.83927856 2.33441027 2.15711978 2.61165356 2.83701109 2.22186317
 2.57775544 2.84177681 1.90175267 2.92662317 2.38957731 2.69668874
 2.26930829 2.36110274 2.23790588 2.68748317 1.80684988 2.60239586
 1.80582631 1.72690585 2.23517958 2.80732371 2.34815882 2.06611748
 2.27248228 2.57994768 2.64878829 2.71450955 2.93576624 2.51848031
 2.07097001 1.59257763 1.92780877 2.29694028 1.78415467 2.69030066
 2.18322882 3.43154632 3.00893004 2.74640826 1.67549457 2.01612141
 1.93085225 1.7367774  2.84868396 2.45532095 3.63164823 2.06675196
 2.24673927 2.11683697 2.1738014  1.81995139 2.43518509 2.68525487
 2.12570047 2.41784549 1.80602541 3.08394774 2.44395369 2.57876533
 2.89237865 1.43274829 2.71512349 1.94007713 3.59350018 1.57411936
 2.22949906 1.92171762 1.81830293 3.19199273 2.40618212 2.13583039
 2.78760485 2.23852953 2.75681019 1.97628739 2.79044736 2.01568967
 2.57912636 2.84362619 2.61961486 1.82404708 1.71282419 2.02652751
 2.89286554 2.75712843 1.55969426 2.1587948  2.5767893  1.72638999
 1.65200743 2.02917682 1.75265202 2.35069128 2.31757549 2.57885578
 1.39787459 1.88568854 2.69249045 1.86115368 1.86246314 3.59374356
 1.86437198 1.96972108 1.52397096 2.39143822 2.56076028 2.68190987
 2.06125586 2.20534115 2.51783929 2.07032037 1.68910222 2.17826369
 2.04268952 1.9501665  3.10148964 2.56080189 2.04683395 1.75226306
 2.63537017 2.02369024 1.34982105 2.43052548 2.86298387 3.45923421
 1.64091011 1.61767089 2.99916422 2.12327188 2.51000998 1.64991713
 1.90047078 2.75824267 2.90070988 2.12165339 2.99269274 2.25528669
 2.13875568 2.34589252 2.29828924 2.11136414 3.22628165 1.91782765
 1.7767837  1.61114363 3.6882754  2.71581251 2.53565766 2.38042311
 1.48528627 2.40855717 2.14946036 2.3479739  2.74228121 2.34631504
 2.18205077 2.62896605 2.06526915 2.68459052 1.95556548 2.12539312
 2.55526107 2.03633849 2.11284735 1.9509762  1.72794269 2.37654937
 2.12040759 2.44182613 2.45925533 2.37253018 2.49631093 2.68425012
 2.68888653 2.04338022 2.4324418  2.47425705 2.76511364 2.07240956
 1.90735336 4.00392237 1.70770966 2.87161487 2.44214466 1.86722045
 3.15037893 3.23171645 2.10880438 1.78557895 3.06009536 2.44840358
 2.37496296 2.64495275 2.05078116 2.04969459 1.82828619 1.86115368
 2.8316634  1.81598249 2.72796078 2.91569553 2.24471797 2.43015249
 2.62508075 2.53388333 2.55021386 2.58768354 2.25243329 2.05221606
 2.71925039 1.83897492 2.31920945 1.66790999 1.68430346 2.89096187
 3.29240165 2.6985238  2.25029586 1.59183736 1.37555177 2.2735046
 2.1923844  2.68488298 1.70409123 2.92162319 1.98789608 2.04677871
 1.71749009 1.90288993 2.28315449 2.49479431 2.38693224 2.03317443
 1.7367774  2.31805017 3.04347911 2.59260415 2.57258885 1.90740411
 1.25352977 2.10017675 2.42253195 2.84725906 1.88733954 2.29318107
 3.03844861 1.64909203 1.72166212 2.13897609 2.7871228  2.45710851
 2.15852846 1.62011691 1.59596162 1.45754628 1.94435729 2.88110214
 1.80509549 2.75543102 2.26558707 1.69296265 2.42503127 2.4772331
 1.94435729 2.03877905 2.41442827 2.71348069 2.01644811 1.871057
 2.1409252  2.83006723 2.11136414 2.50116991 1.95012083 2.25207969
 3.07815066 2.19776089 2.22338674 2.01946905 2.70202556 1.99390934
 2.47898159 1.88833725 2.00821353 1.83793408 2.02108836 2.06597763
 1.92963553 1.92780877 2.63897831 2.12652325 1.87077107 2.54529532
 2.18619237 2.21820384 2.59092413 1.88733954 2.37372872 2.68023713
 1.54179183 3.0259422  2.44690985 2.23472508 2.12020118 3.18722087
 2.1532019  2.52694789 2.53556295 1.90904233 1.96079576 1.29097559
 2.39094019 2.4184513  2.16594923 2.3483968  2.53386346 1.95522669
 2.21934447 3.22388963 2.18322882 1.91633967 1.60734875 1.80226459
 3.05923851 1.94401184 2.51398671 2.79446848 3.3754687  2.70848285
 2.8769889  2.34064243 1.56429266 1.83343102 1.78598104 2.4222757
 2.89679256 3.22610042 2.84785985 2.61020844 2.07193847 1.78918447
 2.96566661 3.45818229 3.32972919 1.90974532 2.80386291 2.21445515
 1.63432592 2.26610723 3.68876473 1.87485934 2.20616699 2.12034031
 1.56417352 1.98789608 3.36705273 2.95896369 1.56429266 2.33029101
 3.38981856 2.19324191 2.07288323 2.22033193 2.55037939 2.62577017
 1.76677788 2.1873488  2.66235228 2.49522801 2.58816069 1.96737376
 1.60534896 2.03297463 2.09839049 1.81683562 2.23994526 2.13992957
 2.15360409 2.50747024 1.67629891 1.99939029 1.97100154 2.39572983
 3.22816637 3.18670041 3.08076948 1.63340757 2.76424353 2.62747442
 2.36788095 2.72771749 2.82298017 3.34918495 1.6158271  2.82832541
 2.24618597 2.43518509 2.16178669 1.82284577 2.27956826 1.84392871
 2.01984698 1.80868386 2.31920945 2.29145498 2.49413862 2.96991163
 1.90182027 4.61232034 1.72776412 2.52273799 2.98819956 2.09189584
 2.88592538 2.4710072  2.35472094 2.46618604 2.16939598 1.3987246
 2.54577129 2.27417724 1.69620215 1.55666203 2.57809649 2.42093873
 3.32972919 1.79412047 1.90288993 1.49696813 2.3233556  2.02770678
 1.82779125 2.54577129]","[8.98835193 8.9588155  8.83030506 8.84880353 8.79718462 8.801311
 8.83271834 8.90611235 9.07726848 8.82130521 8.92294134 8.93189751
 8.92098635 8.97307877 8.84617743 8.95958269 8.82964762 8.97706424
 8.76167959 8.82328495 8.9395399  8.90160073 8.8636389  8.8425113
 8.9458959  8.81855375 8.8948132  8.87612358 8.91932073 8.86317258
 8.67477388 8.96840822 8.89813638 8.88261128 8.91801866 9.05581297
 8.95505007 8.84880353 8.86118989 8.87597205 8.85897055 8.94584808
 9.10830525 8.93021715 8.83691934 8.942297   8.95249128 8.85309905
 8.79556145 8.80354801 8.99380331 8.83399035 8.87745298 8.85279877
 8.9193345  8.86989803 8.9533388  8.90297629 8.84645001 8.87790592
 8.70607808 8.99996857 8.88247627 8.91306437 8.89454633 8.88803312
 8.96286773 8.87090497 8.87352849 8.92435529 8.9549142  8.88347643
 8.92497367 8.96405718 8.79648661 8.9654892  8.9092116  8.93885572
 8.8634167  8.89388065 8.85303863 8.91822489 8.77537946 8.93740359
 8.79335813 8.78808735 8.89869017 8.95554054 8.88692149 8.83528479
 8.88251601 8.94231899 8.92999306 8.94620678 8.96570733 8.92282207
 8.83378161 8.77916442 8.82513089 8.87005244 8.76013345 8.93931648
 8.83723266 9.03882286 8.98603739 8.95964907 8.76350804 8.8400215
 8.83591433 8.77935511 8.95724188 8.8981369  9.0374282  8.82753222
 8.88538049 8.84879163 8.85722117 8.82016765 8.89100013 8.93947815
 8.88328835 8.92104172 8.81947721 8.99357642 8.91269445 8.92369861
 8.96006991 8.74540461 8.93988    8.82511268 9.0639976  8.74678443
 8.83712257 8.87911793 8.80497882 9.0114731  8.97017293 8.84097071
 8.95949436 8.87691193 8.94055697 8.80399887 8.9405319  8.82921493
 8.88844731 8.97469541 8.91652822 8.81321909 8.83170885 8.83417579
 8.95947386 8.93993986 8.75473973 8.86269521 8.87577231 8.78589241
 8.83022117 8.80703881 8.78538145 8.91096596 8.89170286 8.93132457
 8.69821582 8.85270773 8.929044   8.78571002 8.85144175 9.05304525
 8.81876919 8.84928129 8.82746719 8.87890934 8.90936877 8.9503037
 8.83713199 8.8692177  8.91995302 8.85021699 8.75568827 8.88086087
 8.81663843 8.81702871 9.02209773 8.90403432 8.85875116 8.75624452
 8.95038058 8.87379537 8.66889103 8.89505761 8.96433015 9.01399702
 8.76979615 8.75800745 8.97358236 8.87947392 8.91141382 8.8205461
 8.80957885 8.97743517 8.97684472 8.84257972 8.97412445 8.86260691
 8.85409664 8.88519205 8.87461979 8.82960877 8.98172993 8.79524649
 8.79419546 8.80564797 9.06797892 8.93473895 8.89482015 8.88986291
 8.70513857 8.89731006 8.87451988 8.87211799 8.9548847  8.89693949
 8.85142531 8.92961315 8.86125001 8.96118655 8.84815574 8.85437384
 8.92468156 8.90805365 8.83749587 8.81979312 8.76194436 8.89072126
 8.85065555 8.90084436 8.92811643 8.90869419 8.87988191 8.94863706
 8.97261307 8.84233704 8.8933252  8.9064498  8.97990436 8.87152645
 8.81371747 9.07451226 8.76169875 8.9856665  8.92753533 8.79306495
 9.00681169 9.02135974 8.81596119 8.80293907 8.999289   8.8956221
 8.91439246 8.95722167 8.81048138 8.82165092 8.81426375 8.78571002
 8.94534312 8.7841576  8.94270461 9.02395605 8.89153598 8.89307661
 8.94745007 8.92863277 8.93616255 8.9014253  8.88686168 8.81695783
 8.94902768 8.79158908 8.91084133 8.79144538 8.7425794  8.9632647
 9.00333017 8.91436209 8.89172656 8.77497287 8.75609826 8.89832531
 8.89626442 8.96637398 8.76633125 8.97241411 8.81837721 8.83505082
 8.78079336 8.78655146 8.86563716 8.92631174 8.9135042  8.82352993
 8.77935511 8.88267721 8.97407432 8.93024043 8.91354926 8.81835421
 8.67451812 8.85255154 8.91343561 8.95317524 8.79683432 8.85431237
 9.02095368 8.75065199 8.78319978 8.86306851 8.94393841 8.92032897
 8.86131358 8.72106959 8.7711036  8.73325781 8.81922398 8.98167669
 8.80285482 8.94518621 8.8636389  8.76469872 8.86091575 8.91807365
 8.81922398 8.84885159 8.90073979 8.93933075 8.84124354 8.80105962
 8.88242458 8.94804652 8.82960877 8.90601102 8.83378161 8.86664591
 9.00241863 8.85396791 8.90198068 8.81453424 8.94937689 8.8152505
 8.92999606 8.78847378 8.80839452 8.83107297 8.85260261 8.8538456
 8.87375413 8.82513089 8.92522463 8.85324493 8.81254254 8.93790809
 8.87475977 8.87494665 8.9699211  8.79683432 8.88931722 8.91810582
 8.77187332 9.00089371 8.89099668 8.86908891 8.84079729 8.97454022
 8.87214822 8.91914106 8.95929963 8.80261867 8.85848506 8.71438738
 8.89742359 8.88457938 8.85226377 8.87660836 8.92039086 8.8021536
 8.86287091 8.99374502 8.83723266 8.79386917 8.74379326 8.77404378
 8.97386195 8.81568787 8.9139836  8.94198813 9.01507683 8.95826067
 8.95735877 8.88014573 8.74283374 8.81222763 8.78861876 8.88894071
 8.96569784 8.99557402 8.95968713 8.93701746 8.8350365  8.77487309
 8.99235499 9.02555858 9.02435398 8.82478255 8.96670502 8.91091997
 8.75868618 8.87311421 9.05525204 8.81394896 8.85494726 8.85988887
 8.73800389 8.81837721 9.01793012 8.99179224 8.74283374 8.86458412
 9.03057978 8.8845865  8.87001883 8.83811372 8.91916687 8.91765865
 8.77152669 8.85581429 8.90422448 8.9310757  8.92800054 8.83170809
 8.73625627 8.8170352  8.84266833 8.76117218 8.86035939 8.86926205
 8.9136387  8.90122899 8.76762997 8.81685432 8.81765736 8.8880279
 9.00105677 9.01605377 8.97438069 8.75726238 8.94584808 8.92414856
 8.89289084 8.96872801 8.96291857 9.0330455  8.76959001 8.94601013
 8.88881208 8.89100013 8.85755884 8.79276348 8.85927057 8.78987543
 8.81534893 8.79100532 8.91084133 8.90141276 8.91904208 8.98350362
 8.84278931 9.15152791 8.8641573  8.91754306 8.98486316 8.84326618
 8.95314361 8.91373729 8.89560296 8.92749952 8.88171458 8.73205693
 8.89285127 8.90138469 8.7663798  8.78761091 8.9367404  8.90450061
 9.02435398 8.79160157 8.78655146 8.72536928 8.89167596 8.84683038
 8.80620877 8.89285127]","[0.97759445 0.97878894 0.98757595 0.99785117 0.92888153 0.87964343
 0.92034984 0.96104174 0.95442432 0.91817684 0.97503257 0.7923661
 0.98395212 0.98518324 0.99769929 0.91634049 0.8835328  0.91886064
 0.97369535 0.91298144 0.99231096 0.98247004 0.9567434  0.99554756
 0.94324646 0.94218443 0.99295557 0.9685023  0.95813837 0.98631842
 0.95493843 0.98907212 0.95751967 0.97161997 0.98270098 0.87354868
 0.88924724 0.99785117 0.93526691 0.94507968 0.97978823 0.94102094
 0.97526233 0.97116776 0.93562287 0.98887484 0.95113212 0.99979395
 0.97898582 0.94198995 0.98505567 0.93389645 0.98747914 0.99502634
 0.96059751 0.94732877 0.89038663 0.99669497 0.97190307 0.85642964
 0.98665921 0.91883452 0.80586338 0.93724549 0.99611515 0.99074909
 0.97353185 0.9209746  0.89322715 0.81848386 0.98143829 0.96603221
 0.94336138 0.94349442 0.97180266 0.98580165 0.90616227 0.99292524
 0.95824386 0.94053307 0.94081449 0.98610882 0.91323185 0.99313331
 0.92192129 0.97822496 0.95128327 0.78364428 0.9612292  0.98085962
 0.93605813 0.99581534 0.97429193 0.98780943 0.9893871  0.96724265
 0.98908004 0.98275258 0.98750224 0.90664428 0.955531   0.98876683
 0.90590882 0.99784678 0.85954478 0.84069699 0.9805261  0.92024597
 0.98889452 0.92810561 0.92559584 0.9863636  0.99295351 0.88389589
 0.9301684  0.96345995 0.90546399 0.9902129  0.98696444 0.92862248
 0.8733966  0.93726983 0.96632869 0.96217368 0.90932121 0.77765042
 0.96268808 0.98154695 0.91936574 0.99617916 0.8942819  0.99274964
 0.87265034 0.9950912  0.93829986 0.90488066 0.8241639  0.99043016
 0.98192365 0.92062974 0.99543088 0.92352826 0.94687315 0.89905818
 0.94188483 0.87634503 0.93236284 0.98605318 0.98267081 0.96299616
 0.95818568 0.95756057 0.97420131 0.95240636 0.91472986 0.9991137
 0.93263786 0.98988119 0.98627819 0.99931385 0.98154577 0.93955714
 0.96447722 0.83153369 0.9832994  0.97433633 0.96784474 0.97902143
 0.98501771 0.98882703 0.94399139 0.98288413 0.91388845 0.98468377
 0.93890563 0.95397289 0.98598502 0.99081367 0.95964777 0.93146982
 0.89744177 0.95125525 0.99697633 0.70668259 0.98400639 0.92721532
 0.99903794 0.86086499 0.97498598 0.96444638 0.96425103 0.80400852
 0.97611162 0.90917234 0.9463881  0.90777677 0.94212421 0.92406247
 0.85943259 0.99922745 0.96786991 0.90539019 0.98646786 0.90338301
 0.89770566 0.99208135 0.99994595 0.92611787 0.92257372 0.99590127
 0.82685168 0.95863168 0.98737235 0.99574869 0.71929469 0.99466709
 0.97841542 0.99995969 0.98063023 0.92550791 0.98176806 0.98172083
 0.82051397 0.99207636 0.90043853 0.90577495 0.95908394 0.97683957
 0.98956511 0.92269851 0.86168879 0.94990962 0.72924831 0.98674642
 0.97414932 0.95521755 0.91183222 0.95414424 0.98449517 0.97342211
 0.95043087 0.85799868 0.82876778 0.95782882 0.99179098 0.95325872
 0.94923418 0.97071899 0.97757444 0.99456907 0.96896106 0.99860486
 0.92050689 0.91165934 0.88091067 0.91785521 0.99269808 0.75604254
 0.90086813 0.96692436 0.94725521 0.85133176 0.87582301 0.97433633
 0.98842316 0.90035834 0.88998454 0.95705501 0.99148026 0.98521288
 0.98994357 0.95066666 0.98314965 0.47869661 0.8841717  0.90347729
 0.95360406 0.98648683 0.96026472 0.88827233 0.88269558 0.94323967
 0.84668481 0.85838249 0.99843305 0.95747275 0.9837444  0.92444231
 0.9585169  0.99921664 0.96722488 0.96064716 0.94095494 0.95065382
 0.956562   0.93164906 0.83238978 0.99304596 0.88680037 0.99936827
 0.92810561 0.95293987 0.922845   0.94198091 0.98271463 0.96031185
 0.99397298 0.90459621 0.97003897 0.9500496  0.91141878 0.75912008
 0.98014073 0.95055174 0.83238117 0.59409336 0.96625331 0.96227723
 0.9571806  0.98789157 0.88407032 0.96500063 0.8905124  0.94063505
 0.92409773 0.84815964 0.9567434  0.99706782 0.84784564 0.9641866
 0.8905124  0.97638059 0.93255022 0.91162217 0.89417709 0.95969154
 0.95292001 0.97422948 0.92611787 0.97224073 0.94491716 0.99925931
 0.99048663 0.93919418 0.96442178 0.82337222 0.98432038 0.97244029
 0.9390267  0.87344477 0.97392962 0.84810035 0.9748244  0.9094836
 0.98738226 0.98750224 0.89406551 0.96257122 0.98643032 0.91150812
 0.86165045 0.86972528 0.9744656  0.91141878 0.97938526 0.99960581
 0.96136591 0.99814158 0.97950243 0.99671443 0.9532458  0.91673732
 0.99382095 0.98383547 0.90773691 0.98688333 0.90850373 0.97483762
 0.93827393 0.86764007 0.87054368 0.99229773 0.86279213 0.93392254
 0.87512262 0.97236263 0.90590882 0.83380026 0.99179469 0.99064685
 0.93449699 0.9999369  0.94799326 0.98907237 0.88678096 0.97723404
 0.97166544 0.91130183 0.9558287  0.91713422 0.90611865 0.74560782
 0.96861736 0.99198436 0.84199372 0.95417409 0.99267293 0.86194769
 0.93996102 0.796275   0.9924806  0.98843251 0.99920657 0.99206836
 0.8964914  0.97636214 0.91950597 0.99919243 0.98572668 0.94676536
 0.99273055 0.94095494 0.81656741 0.99717455 0.9558287  0.85794478
 0.99059622 0.95208579 0.97209908 0.8312074  0.98892007 0.92123863
 0.81386257 0.97223914 0.92494218 0.98703925 0.97342462 0.96098169
 0.91609044 0.97049923 0.93809568 0.9576379  0.89801468 0.97651363
 0.95470165 0.88382607 0.99726096 0.9643536  0.97379232 0.7531468
 0.92837824 0.9793029  0.96949596 0.96343962 0.94102094 0.96213432
 0.98375347 0.96622268 0.99110044 0.94208768 0.95829204 0.93148916
 0.95733002 0.98696444 0.98833783 0.97850183 0.94258407 0.98491314
 0.97782778 0.9785957  0.96026472 0.98522571 0.96549494 0.89511688
 0.94640034 0.9719281  0.96665814 0.98083787 0.92281088 0.98287082
 0.99100955 0.97987251 0.94271694 0.96644268 0.96173377 0.99630829
 0.9263869  0.98773213 0.97499378 0.93663461 0.99046492 0.95592837
 0.9924806  0.90020123 0.93164906 0.94447841 0.97722457 0.99142687
 0.97923898 0.9263869 ]","[ 6.29095699  7.65778097 10.67535077 11.48097996 12.2185931   8.94551934
  4.10474012 10.85539804  7.51462411 12.70016601  5.90678104  8.873713
  5.51544087  8.66965262  7.50364015  3.61218246 10.17046494  9.05976902
 12.8347897  12.62449614  7.54593184  8.83724679 11.79740528 11.27058876
  2.75667234  6.98564346  9.3617154   8.39888346  6.00362906  7.13538163
 11.21580018  7.26929519  7.15520856 12.7559446   5.71916124 12.22546625
 11.58351653 11.48097996  8.33956125 12.47370855 12.09239573  7.09924423
 10.97828547  8.78428644 10.80378375 10.80192721  9.48496322  7.25391856
  8.98101274 11.36447136  8.96235849  8.82171418 12.19574869  7.24806244
 12.62335081  7.10157363 10.89654561  6.37148052  9.89752197  1.71492945
 11.31999136  3.45952227  8.1619754   5.23992628 10.73924151  6.71857994
  8.93838027  9.28508003  5.05877263  8.39935879  9.00520319  5.21524151
 11.60885494  9.0616702   6.3800778  10.9992636   4.12103051  9.06228484
 12.307193   10.56975688  9.69867968 10.02965796  8.99840736  5.93706909
  5.10158591  5.33250821  8.76233448  6.41751962  6.6663111   8.47312507
  8.43625895  9.37687424 11.57238717 12.96912651 11.44563137 12.18574301
  6.65697522  3.97296802  5.9159226  12.07556628  9.080925   12.74840315
  8.53870355 10.83629701  8.37276955  6.18145409 10.3935907   8.51692304
  4.0980432   7.20709684 11.43499384  8.47928327 11.02460627  7.71813162
  4.07452429  9.47676873 11.17014986  6.76588935 12.49565061 11.73310702
  2.82176176  4.89883238  3.15654838 12.89136446  5.30719161  6.5774205
  7.4079044   2.40279955 12.49086021  6.57694576  8.76976338 11.14648375
 12.95190069  2.42636115  5.78339724 11.94904014  2.76110539 10.49351362
 10.60077867  9.89417112 12.30992597 12.03213015  8.13446677  3.8564495
 11.20077966  5.49928811  9.55575684  6.1530917   2.68564545  9.78326679
  6.467159    9.15993882 11.05688065  7.9869567  12.46196497 11.87611355
  2.27765328 11.8499157   8.50411307 11.53521537  8.5773601   5.8096184
  7.85220137  2.17473107 12.95559635  9.64756917  2.60356637 11.30010946
  7.46090983  5.95738144  1.45197838 10.22160565 11.78380265 10.87833553
 12.98496373  7.12026079  6.95206051  8.09319572 11.10770199 10.33039858
 12.60257927  7.28823739 10.68272214  8.9817667   6.69161544 10.428027
  9.77077211  3.65219627 12.81969093 10.22721538  8.62039735 11.29774352
  6.21125066  9.95019185 12.18701986  6.46744687 10.36113333  2.50334105
  6.81601449  6.74695515  7.4883943   9.16269364  7.87846028 11.71791899
 11.98797299 11.07675707 11.55410744  7.83924293  9.45026193 11.74109619
  9.22822125  2.09227854 10.95471993 11.13476562  8.66052561 12.58027492
 12.77804715 10.44116156  5.31898626  9.93516553 12.20452958 12.2820167
  9.98772074  6.62671644  7.1856884   6.61351625  3.76643277 11.43795522
 10.81048298  2.19005346 12.66987487  7.26457672 10.91349229  7.68136803
  6.59597679 11.5856355   6.5564513   6.61246825  7.95661748  7.08382483
  4.35392502  9.48537845  6.51401452  7.71829037  5.99612173  6.97738487
 11.73171381 12.17971558 11.30342706  6.85949734  5.84055506 12.04866027
  7.7349536   6.63517237 12.32070786  5.31474723  9.69453311  9.83121333
  8.19096932  5.5716211   7.6080869  11.46165903  5.5056009   9.64756917
 12.76564726 12.14716576  5.76737976  3.75720129  7.77298346  8.32565569
  6.77642706 11.14882382  5.18271048  5.26086332 10.29497946 12.9897233
  8.39829682  9.43267007  7.25962473  7.31976973  6.16980682 11.20461106
 11.00214283 10.72420432  9.1839119   2.77365752  2.47747854  7.82657111
  6.36681402  5.32064705  8.04799356  7.49961399  5.7513328   6.9904469
  8.94124601 12.9175731   9.14870786  6.70995217  5.17030013 10.87554833
  7.20709684 11.87213454  7.53906163 10.05015815 12.60150068  8.6001091
  3.70967773  8.97630623  8.91102754 10.2443571   9.56032628  8.2668243
  4.3954568  11.73635567  6.11661269  6.67609343 11.45863059  6.66891143
 11.70850523 10.19523217  7.88174122  3.69627934  4.45845854  8.73092797
 11.83135606 10.80501112 11.79740528  7.73697652 11.90792286  6.44443207
  4.45845854  6.93781324 10.62898113  6.81438612  7.60393897  7.46858655
 11.23370637 11.49188797  7.83924293 11.00938011  9.36723328 10.86689784
 10.17377071  9.18952759  5.95112438  8.79992315  8.90714609  6.66134845
  6.27884073 12.75844892 12.88676823  4.52991648  8.95450026  8.24389822
  4.61128646  5.9159226   9.36918476  8.36486853  4.95007993  6.15843076
  4.58820833 11.25409767  4.01866173  9.56032628  9.58022613  9.82442605
  5.30811783 10.81772214 12.22817287  6.91010944 12.02851864 11.97686843
 10.42686289 11.84757725  3.39492438 11.04550341  3.24135532  2.8627808
  9.77414083  9.00594502 11.64077515  7.66322365 10.22036094 11.66990033
  8.9948714  10.71081951  8.53870355  8.50698461 10.5451395   9.63791983
 10.40741216  9.48000995  6.13214419  9.83360703 10.62039479  8.45163253
  8.6262907   7.81945698 10.54672362  5.70204161  3.72954288 11.34063405
  9.25062932 10.57277114  6.88025007  4.41570184 11.46273715 11.92392464
  8.50004139 11.04284056 11.75833359  8.15019117  8.16734919  4.03205616
 10.66947711  9.36783463 10.83329155  8.16157382  9.65477106  4.67855731
  9.36199511  5.7513328  10.82014225  6.48409009 10.54672362 12.28806239
 12.47242495 10.04198084  5.19284716 11.56142598 12.60841946  9.38416462
  9.66874862  7.73513082 12.59645921  5.9872761   9.50563096  8.80885354
  9.93335264 12.03018971  7.4730663   9.59711174 11.65826424 11.88673092
  2.55205639 12.45976782  8.2271835   9.0141103  11.3322327   6.24968242
 10.13275102 11.85830111 11.27197474  6.19912468  7.09924423 12.8698871
 12.03432919  7.07033092  8.6387607   6.38777045  5.16673985 11.10966519
  5.71891652 12.49565061  7.80820348  9.16789325 11.89299193  9.28223727
  8.31603373 10.74824351  7.25962473  4.42320474 11.4327375   9.17094989
  3.8395226  12.95280173  1.9201046   6.42088011  9.27899631 10.74337167
  9.97519053  9.64912931 12.66076865  7.54682182  4.222377    4.30321852
 10.10628785  6.31954666  9.7574246   1.87496014  8.11807812  8.83105283
 11.75833359 11.43108496 12.9175731   7.28510907 10.11760325  6.86245008
  9.20115706 10.10628785]","[0.06651403 0.07052357 0.05991951 0.06025285 0.06727562 0.07226503
 0.06486303 0.05330173 0.07570791 0.06597548 0.06239726 0.06248373
 0.07457025 0.07647834 0.07190767 0.06347391 0.07803705 0.0720363
 0.05843093 0.05758343 0.07284442 0.06610036 0.05480714 0.06612097
 0.0683427  0.06651191 0.07717158 0.06751161 0.07267915 0.06628232
 0.06204157 0.07219538 0.06611703 0.05951375 0.06281006 0.07483525
 0.07086885 0.06025285 0.05648081 0.06747947 0.05845293 0.0667555
 0.0768369  0.07485526 0.06666822 0.060354   0.07031913 0.05499226
 0.07176319 0.06312291 0.07596086 0.0613991  0.06925889 0.06293953
 0.061472   0.07150736 0.05924301 0.07197148 0.06238219 0.07410952
 0.0510844  0.07710711 0.06863094 0.0667629  0.06954355 0.07172463
 0.06800578 0.06535934 0.0760658  0.07125929 0.06941857 0.07412279
 0.0704234  0.0691148  0.07023776 0.07581964 0.06706315 0.06576738
 0.06656198 0.0631392  0.07122996 0.06867625 0.0733837  0.06509884
 0.06635583 0.07081725 0.07251663 0.07001149 0.07171196 0.05825574
 0.0597344  0.07257512 0.06362626 0.06078469 0.07025802 0.06314563
 0.06265911 0.07171376 0.06911614 0.06960205 0.06269808 0.06885185
 0.06449543 0.06828838 0.07485282 0.06062882 0.06603299 0.05866596
 0.06538015 0.0726017  0.05790604 0.07081271 0.0638779  0.06283611
 0.06804561 0.06245245 0.06404755 0.06647087 0.06405955 0.07730525
 0.058418   0.0614458  0.06711043 0.06516327 0.06792507 0.07087103
 0.0618718  0.0588449  0.06153596 0.06106072 0.06927536 0.0568968
 0.07584437 0.06648311 0.06957357 0.07189358 0.07716481 0.06338672
 0.06417123 0.07444007 0.0683256  0.06594673 0.06514282 0.06881235
 0.06308063 0.05870563 0.07268821 0.05766253 0.07038796 0.06760786
 0.06994653 0.06962854 0.06315408 0.06349293 0.06227519 0.06306082
 0.07250267 0.06164715 0.06599084 0.06493774 0.05937791 0.07158284
 0.06725485 0.06777594 0.089727   0.05974723 0.06703372 0.0746372
 0.05939072 0.07273495 0.06179143 0.06258314 0.06372707 0.06734062
 0.06677802 0.069921   0.0603908  0.07009638 0.05862676 0.0661465
 0.07502023 0.05668585 0.06302818 0.07452902 0.056213   0.06919845
 0.06356812 0.06747405 0.05630231 0.06475445 0.06712526 0.07484113
 0.0653441  0.0678792  0.0681264  0.06515055 0.0607973  0.06559306
 0.06265921 0.06523355 0.06816573 0.0710968  0.07569301 0.07101815
 0.07090159 0.06657835 0.06014157 0.06472475 0.07393575 0.06288308
 0.06779943 0.06986671 0.06467598 0.07212673 0.07139812 0.06637564
 0.05951748 0.05953828 0.06816885 0.0652425  0.06935896 0.06558406
 0.0673515  0.0739843  0.0653674  0.06756356 0.07101286 0.07026676
 0.05576559 0.07257237 0.05593949 0.05564645 0.06480291 0.06970612
 0.06340388 0.06427741 0.06400914 0.06600904 0.05508652 0.06836749
 0.07142519 0.06112716 0.05933341 0.06728423 0.07461323 0.06663509
 0.06688212 0.06924269 0.06136977 0.06711762 0.06017723 0.06795324
 0.0602163  0.07708371 0.06482104 0.0665825  0.07312435 0.06199741
 0.06546964 0.06087448 0.06165733 0.06205088 0.05893047 0.05974723
 0.06432698 0.06022219 0.06058271 0.06780604 0.06381535 0.06548513
 0.06322562 0.06892154 0.06938233 0.06788463 0.06979525 0.05999437
 0.07608661 0.06903506 0.06145474 0.06965414 0.06249891 0.06976306
 0.06575706 0.05764524 0.05990597 0.06708642 0.06097679 0.06361772
 0.05991813 0.07091457 0.05906107 0.0665645  0.06624518 0.06448382
 0.07133152 0.05801535 0.07371634 0.05693375 0.06389261 0.06679689
 0.0726017  0.06479001 0.07293601 0.05722783 0.07519385 0.05533846
 0.05797971 0.06450357 0.06222405 0.07167513 0.06985123 0.06707621
 0.080164   0.06249753 0.06283864 0.06837513 0.06766757 0.06730721
 0.06277937 0.06511043 0.06222156 0.06324616 0.06142922 0.07070486
 0.06319505 0.06382706 0.05480714 0.06130297 0.06523044 0.06842242
 0.06142922 0.06227357 0.07172481 0.06507132 0.06174415 0.0729079
 0.06718915 0.06203095 0.06472475 0.05759771 0.06376065 0.06471865
 0.07443482 0.06822397 0.06294584 0.07114769 0.06681416 0.05859189
 0.07729103 0.06841797 0.06319636 0.06659365 0.06284166 0.06960397
 0.07266404 0.06911614 0.06665683 0.07132387 0.05747856 0.07370139
 0.07369728 0.05771648 0.06813845 0.06985123 0.06902568 0.06390492
 0.06180441 0.07047634 0.0654009  0.07408966 0.07015815 0.05407979
 0.05840252 0.07225962 0.08726883 0.06438808 0.06831862 0.0688306
 0.0607548  0.06724338 0.07057801 0.07236163 0.07423206 0.06015176
 0.07109985 0.06360974 0.06449543 0.06242764 0.05625591 0.06452293
 0.07250545 0.06612655 0.08023824 0.06853753 0.06494184 0.06790602
 0.0649078  0.06024146 0.0610527  0.06496496 0.07386526 0.06603067
 0.0672656  0.06639571 0.07848416 0.06769065 0.06775166 0.07274348
 0.0771632  0.07797253 0.07039082 0.06263094 0.07302199 0.06828581
 0.06884035 0.07190261 0.06808496 0.06364465 0.0660335  0.05943974
 0.05818319 0.06624518 0.06207555 0.06637279 0.0610527  0.06436895
 0.07243367 0.06761578 0.06249105 0.0741968  0.06991332 0.05712353
 0.05849583 0.06135603 0.05597804 0.06937611 0.06908449 0.05946211
 0.06815516 0.06441255 0.06536921 0.06189203 0.07051748 0.06125203
 0.06975474 0.0698028  0.06187428 0.06950533 0.06798504 0.07380193
 0.06587691 0.07206538 0.06938263 0.06397361 0.0667555  0.07832887
 0.07005668 0.06609125 0.07037071 0.08066894 0.06792022 0.0756925
 0.06720904 0.06405955 0.06481918 0.06456838 0.06527578 0.06768981
 0.07390239 0.06081201 0.06145474 0.0702395  0.0735836  0.06150609
 0.06150138 0.07842875 0.05633996 0.05941044 0.08395482 0.06637852
 0.06617214 0.06562409 0.0775106  0.07457213 0.06377015 0.06392293
 0.07152391 0.06764486 0.06528854 0.07102315 0.07023903 0.05838307
 0.07039082 0.06612283 0.05801535 0.06415453 0.07231469 0.06773806
 0.06380362 0.07152391]","[-3.89064754 -3.36546774 -3.641917   -3.89495975 -3.41804175 -3.92919581
 -3.94939427 -3.56729202 -3.73781594 -3.8483759  -3.88622063 -3.72043946
 -2.732855   -3.50176946 -3.67848205 -3.6984463  -3.3154953  -3.80042125
 -3.82725652 -3.47114152 -3.75443392 -3.32643188 -3.99884758 -3.61709704
 -3.99593633 -3.77116324 -3.29059817 -3.92665284 -3.86169524 -3.58589337
 -3.82232056 -3.77603224 -3.22611721 -3.60636706 -3.79547095 -3.58809853
 -3.64598198 -3.89495975 -3.53826471 -2.99260604 -3.5654212  -3.55684057
 -3.94035091 -3.7697463  -3.54464075 -3.25591773 -3.71589543 -3.00951931
 -3.37411386 -3.59126657 -3.85720352 -3.97766946 -3.45341977 -3.33825548
 -3.85853226 -3.27648974 -3.40630314 -2.57440994 -3.69639599 -3.77600281
 -3.61155106 -3.44946489 -3.57867368 -3.73675175 -3.31550433 -3.86757539
 -3.84248607 -3.35973438 -3.5346733  -3.6152242  -3.9901305  -3.81586676
 -3.85790786 -3.69236549 -3.85947695 -3.73082402 -3.85354146 -3.76973263
 -3.45846034 -3.53314132 -3.52711827 -3.6299315  -3.54347336 -3.69849513
 -3.79473346 -3.48925916 -3.31470066 -3.78926968 -3.35220652 -3.7594751
 -3.69294351 -3.6094947  -3.70351145 -3.76431421 -3.43434312 -3.52523578
 -3.9726971  -3.73271253 -3.04813213 -3.51976223 -3.87290841 -3.30945016
 -3.83633308 -3.89160526 -3.35734441 -3.92113466 -3.72601354 -3.40887664
 -3.96954993 -3.29328947 -3.95835284 -3.57039147 -3.96016056 -3.51726194
 -3.52257851 -3.82231009 -3.52808591 -3.64094108 -3.50477974 -3.84792267
 -3.75933632 -3.39954172 -3.61647374 -3.35322963 -3.92143123 -3.8853213
 -3.56222755 -3.07394096 -3.78014145 -3.44004721 -3.75901027 -3.67543382
 -3.74493238 -3.59607473 -3.83797712 -3.95889557 -3.31146969 -3.53453604
 -3.46002935 -3.5522856  -3.52339394 -3.70884724 -3.59614926 -3.55566575
 -3.63434606 -3.82951188 -3.58522783 -3.57429183 -3.97183898 -3.24527886
 -3.70250754 -3.91574665 -3.32206239 -3.23670619 -3.30817675 -3.42280794
 -3.8489604  -3.91599022 -3.73820408 -3.30160338 -3.5703458  -3.56164368
 -3.86485387 -3.04383143 -3.60064748 -3.26648149 -3.96763808 -3.66855224
 -3.75782322 -3.43280555 -3.81553943 -3.85942846 -3.67576119 -3.31988743
 -3.86101516 -3.64275361 -3.14066017 -3.98803662 -3.58371494 -3.5181544
 -3.78677596 -3.79645434 -3.76755447 -3.70846008 -3.41928304 -3.06849576
 -3.66722346 -3.56889352 -3.794311   -3.39076758 -3.57003264 -3.74850829
 -3.66357487 -3.23738345 -3.29421955 -3.39305933 -3.25928224 -3.38305061
 -3.95657798 -2.95211975 -3.67342857 -3.22734737 -3.42760801 -3.37483832
 -3.63511334 -3.84640223 -3.43475813 -3.83988511 -3.6815964  -3.51692852
 -3.86316092 -3.9384769  -3.58662887 -3.74954033 -3.36004387 -3.60111425
 -3.87580029 -2.91833137 -3.78193401 -3.4733685  -3.95005313 -3.68051664
 -3.55146983 -3.8196831  -2.93931184 -3.56667128 -3.51903722 -3.09833032
 -3.57786236 -3.52312999 -3.79970148 -3.60932437 -3.91412421 -3.75992526
 -3.3896885  -3.83540363 -3.91020566 -3.43095629 -3.81920008 -3.88655817
 -3.52848875 -3.93931232 -3.34355406 -3.57351759 -3.46785562 -3.08590689
 -3.63382226 -3.52150749 -3.46763918 -3.48654966 -3.6516605  -3.66268974
 -3.9635028  -3.54109068 -3.91818801 -3.54169487 -3.67970795 -3.55533723
 -3.44566165 -3.77958402 -3.88332491 -3.87087197 -3.54310984 -3.26648149
 -3.47890684 -3.37045179 -3.96424011 -3.60150578 -3.72763105 -3.98586216
 -3.70626336 -3.1679814  -3.92925341 -3.51587376 -3.9430938  -3.33276905
 -3.55764402 -3.63356299 -3.29504332 -2.96476916 -3.63160364 -3.52649885
 -3.58935041 -3.85543837 -3.51686174 -3.97935776 -3.09053035 -3.81006474
 -3.59693524 -3.71220525 -3.50774545 -3.94254935 -3.7012807  -3.91291904
 -3.52693781 -3.52832732 -3.73768538 -3.922293   -3.91061732 -3.36630521
 -3.29328947 -3.63645884 -3.88869943 -3.65401016 -3.44217735 -3.67253161
 -3.53226367 -3.57436448 -3.54892155 -3.44258839 -3.90005428 -3.80803519
 -3.52069401 -3.97365013 -3.05181502 -3.92225785 -3.90458295 -3.47758652
 -3.99358409 -3.52505999 -3.4665249  -3.84303737 -3.89127999 -3.85333535
 -3.70715853 -3.70787573 -3.99884758 -3.39452907 -3.56356098 -3.88635226
 -3.89127999 -3.65307321 -2.81904254 -3.88979111 -3.41162067 -3.46511054
 -3.72972248 -3.52199862 -3.83988511 -3.86948593 -3.86835942 -3.93549783
 -3.44148148 -3.99000877 -2.8691823  -3.58134059 -3.46225271 -3.30245367
 -3.70113803 -3.61695526 -3.72994545 -3.54293396 -3.86273468 -3.42575159
 -3.52945214 -3.04813213 -3.59011525 -3.93123919 -3.40273293 -3.66030715
 -3.37228214 -3.81621969 -3.51983937 -3.90005428 -3.57056782 -3.46561101
 -3.51577737 -3.25653074 -3.50920984 -3.85585085 -3.6776962  -3.94492504
 -3.16047831 -3.75973465 -3.81894762 -3.8571074  -3.5294893  -3.83200044
 -3.56699847 -3.94822635 -3.73143849 -3.85854295 -3.79883539 -3.57414863
 -3.88139399 -3.96919394 -3.83633308 -3.74674466 -3.66987744 -3.97634589
 -3.63433685 -3.63196992 -3.63726649 -3.90881695 -3.23655363 -3.33646765
 -3.86205368 -3.61307722 -3.46086549 -3.57505557 -3.83433102 -3.33591768
 -3.64084826 -3.94286892 -3.79408228 -3.49215952 -2.98452519 -3.96564281
 -3.94525737 -3.48416084 -3.21213299 -3.14458851 -3.55014426 -3.62773057
 -3.38284241 -3.31214261 -3.95704937 -3.27262958 -3.85336906 -3.74232739
 -3.28586519 -3.7012807  -3.8125415  -3.67517646 -3.46086549 -3.84884121
 -3.67224128 -3.47753866 -3.54050352 -3.74546816 -3.54455967 -3.76928071
 -3.93845313 -3.27086954 -3.91448391 -3.65187795 -3.79855174 -3.74602719
 -3.86558093 -3.43805446 -3.9473065  -3.9707505  -3.84610565 -3.52913502
 -3.4931671  -3.84350768 -3.53447768 -3.90097937 -3.4104062  -3.87307344
 -3.3113168  -3.91216834 -3.74874175 -3.38839912 -3.55684057 -3.51929827
 -3.94842253 -3.33034878 -3.41290041 -3.81239188 -3.66372553 -3.91745113
 -3.51461748 -3.50477974 -3.86238748 -3.94310539 -3.83298614 -3.40270277
 -2.91710822 -3.45974838 -3.29504332 -3.49161914 -3.58168093 -3.78238625
 -3.61344977 -3.63137482 -3.58437767 -3.77398396 -3.12730693 -3.84636928
 -3.3991698  -3.36953391 -3.54982027 -3.66616404 -3.95405945 -3.03245196
 -3.91461081 -3.91887543 -2.82233327 -3.66883447 -3.61084657 -3.89754313
 -3.21213299 -3.8186159  -3.52832732 -3.28935952 -3.78325574 -3.64975891
 -3.88908594 -3.91461081]","[8.77636872 8.75147569 8.63697399 8.65424983 8.60484254 8.60970186
 8.63898939 8.70326609 8.85718577 8.62699662 8.72201842 8.72517672
 8.72118902 8.76348731 8.65173385 8.75164463 8.63444176 8.76522897
 8.57608769 8.6306172  8.73729671 8.70057744 8.66599578 8.65029502
 8.74375862 8.62712359 8.69331695 8.67888933 8.71469694 8.66775716
 8.50011981 8.75938015 8.69934865 8.68159663 8.71590274 8.8338576
 8.74736825 8.65424983 8.66328373 8.6775683  8.66423115 8.73752319
 8.8793356  8.72662667 8.64120624 8.73792523 8.74411565 8.65523637
 8.6059497  8.61365285 8.78249074 8.63889086 8.67989563 8.65822904
 8.71532641 8.67385142 8.74517711 8.70244539 8.65253245 8.68191476
 8.52840832 8.7881067  8.68009659 8.71122763 8.69414404 8.6902814
 8.75434674 8.67113055 8.67528736 8.71818469 8.74652685 8.68461312
 8.72134221 8.75525798 8.6053653  8.7562305  8.70524123 8.73297378
 8.66578585 8.69404326 8.65542793 8.71271186 8.58670537 8.73176531
 8.60345135 8.60068804 8.70099989 8.74460155 8.68631846 8.64126298
 8.68386149 8.73862167 8.72537973 8.74082333 8.75643532 8.7205663
 8.63913239 8.59436015 8.6333359  8.67140882 8.57234489 8.73431896
 8.64014085 8.8219857  8.77343682 8.75015606 8.57870368 8.64657927
 8.64279098 8.59203214 8.74878881 8.69639158 8.81783983 8.63246259
 8.68457873 8.65378528 8.66086118 8.63124396 8.69049231 8.73385124
 8.6825166  8.7176372  8.62804331 8.78200305 8.70887458 8.71694965
 8.74992368 8.56306617 8.73379056 8.63339711 8.84307614 8.56468463
 8.63961762 8.68341988 8.61527236 8.79751464 8.76240008 8.64599495
 8.75238198 8.67915674 8.73442596 8.61205699 8.73228754 8.63304754
 8.68470232 8.76327436 8.71159886 8.62393353 8.64198409 8.64113876
 8.74872838 8.73272589 8.57285614 8.66634597 8.6720453  8.60019047
 8.64078296 8.61448923 8.59846465 8.71200895 8.69259541 8.72555014
 8.52010896 8.65570855 8.7239917  8.59640588 8.65750189 8.83390808
 8.62898982 8.65656029 8.63863278 8.67879217 8.70580991 8.74507126
 8.643611   8.67162327 8.71642527 8.65608734 8.57047782 8.68448938
 8.62311963 8.62496263 8.81010176 8.69797879 8.66459858 8.56918702
 8.74582891 8.67684482 8.49274577 8.69404142 8.75521572 8.79496119
 8.58491062 8.57401459 8.76305116 8.68292137 8.70875218 8.63165542
 8.61771842 8.76955758 8.76664878 8.64691083 8.76277234 8.6646942
 8.65850223 8.68618745 8.67667682 8.63398227 8.76672181 8.60515026
 8.60556484 8.61705962 8.84755009 8.72907944 8.68924516 8.69045786
 8.52536913 8.69706356 8.67739092 8.67227159 8.74885425 8.69802655
 8.65396237 8.72390876 8.66617537 8.75367768 8.65381963 8.6596471
 8.72171312 8.70798356 8.64221507 8.62768974 8.5739422  8.69021535
 8.65479058 8.69979394 8.72484281 8.70752024 8.67717062 8.74200996
 8.76341784 8.64799687 8.68981072 8.70382681 8.77134743 8.67666877
 8.62346896 8.85017903 8.57620649 8.77586867 8.7246771  8.60415359
 8.79222397 8.80472367 8.62088359 8.61360888 8.78761357 8.6923419
 8.71334123 8.75027947 8.61625955 8.62745203 8.62366427 8.59640588
 8.73799331 8.59561962 8.73369261 8.80964676 8.69370689 8.69174887
 8.74187961 8.72577111 8.73082488 8.69082241 8.68859794 8.62333102
 8.74217122 8.60285201 8.71106718 8.60552345 8.55583687 8.75423451
 8.78706825 8.70766442 8.69424905 8.58852213 8.5756389  8.69935816
 8.69864516 8.75877693 8.58032538 8.76180653 8.6247348  8.64073287
 8.59455994 8.59638755 8.66606496 8.72316204 8.71051368 8.63083899
 8.59203214 8.68399662 8.7611224  8.72600674 8.71052416 8.62768046
 8.49935149 8.65728388 8.71229608 8.74469362 8.60640405 8.65365749
 8.8058097  8.56641204 8.59510142 8.66357137 8.7368781  8.71760534
 8.66578269 8.53766206 8.58710943 8.551809   8.625281   8.77208237
 8.6147237  8.73743815 8.66599578 8.57913005 8.65929012 8.71485928
 8.625281   8.65490688 8.69983004 8.73147332 8.64732202 8.61091992
 8.68714626 8.74035798 8.63398227 8.70391056 8.64218493 8.66948363
 8.79058354 8.65703093 8.70355157 8.62027219 8.74327485 8.6221574
 8.7264285  8.5981416  8.61627961 8.63938127 8.65961318 8.65916261
 8.68110729 8.6333359  8.71955304 8.65776294 8.62152427 8.732751
 8.67521345 8.67740411 8.76235193 8.60640405 8.68936448 8.71278786
 8.58909463 8.79012391 8.6901668  8.6711803  8.64605852 8.76077427
 8.67683427 8.7168244  8.75111394 8.61255398 8.66283828 8.53707938
 8.69682726 8.68264269 8.655836   8.67669383 8.71655455 8.61071327
 8.6649011  8.77965219 8.64014085 8.60192425 8.56077931 8.58621827
 8.76185797 8.62470411 8.70973519 8.73463079 8.797878   8.75182682
 8.74808267 8.679731   8.56063462 8.62194765 8.59794123 8.68637375
 8.7562838  8.78159936 8.7488798  8.72943964 8.64155527 8.58661683
 8.78127361 8.80638895 8.80916385 8.63418168 8.75872965 8.71130488
 8.57427021 8.67517797 8.83407992 8.62423201 8.65834408 8.66260297
 8.55593502 8.6247348  8.80021767 8.78031108 8.56063462 8.66490627
 8.81467127 8.68803399 8.67439922 8.64024639 8.71659361 8.71247188
 8.58310192 8.65896785 8.69910781 8.72744493 8.72398997 8.63974606
 8.55262626 8.62426531 8.64730124 8.57273658 8.66269295 8.6742978
 8.71219912 8.69847794 8.58258031 8.62426202 8.62615891 8.68441923
 8.78630358 8.80287152 8.76259199 8.57246259 8.73752319 8.72001368
 8.69354966 8.76125851 8.75472681 8.81469416 8.58476064 8.73787604
 8.68971295 8.69049231 8.66140006 8.60428291 8.66124756 8.60098486
 8.62225888 8.60310091 8.71106718 8.70055564 8.71708892 8.77217887
 8.64972472 8.92032579 8.67168565 8.71359608 8.77353917 8.64917737
 8.74433402 8.71196646 8.69624414 8.72503874 8.68303383 8.55295902
 8.68933783 8.7023224  8.58094081 8.59971083 8.73262894 8.70324441
 8.80916385 8.6034837  8.59638755 8.5443086  8.69279361 8.6532273
 8.6176268  8.68933783]","[8.98835193 8.9588155  8.83030506 8.84880353 8.79718462 8.801311
 8.83271834 8.90611235 9.07726848 8.82130521 8.92294134 8.93189751
 8.92098635 8.97307877 8.84617743 8.95958269 8.82964762 8.97706424
 8.76167959 8.82328495 8.9395399  8.90160073 8.8636389  8.8425113
 8.9458959  8.81855375 8.8948132  8.87612358 8.91932073 8.86317258
 8.67477388 8.96840822 8.89813638 8.88261128 8.91801866 9.05581297
 8.95505007 8.84880353 8.86118989 8.87597205 8.85897055 8.94584808
 9.10830525 8.93021715 8.83691934 8.942297   8.95249128 8.85309905
 8.79556145 8.80354801 8.99380331 8.83399035 8.87745298 8.85279877
 8.9193345  8.86989803 8.9533388  8.90297629 8.84645001 8.87790592
 8.70607808 8.99996857 8.88247627 8.91306437 8.89454633 8.88803312
 8.96286773 8.87090497 8.87352849 8.92435529 8.9549142  8.88347643
 8.92497367 8.96405718 8.79648661 8.9654892  8.9092116  8.93885572
 8.8634167  8.89388065 8.85303863 8.91822489 8.77537946 8.93740359
 8.79335813 8.78808735 8.89869017 8.95554054 8.88692149 8.83528479
 8.88251601 8.94231899 8.92999306 8.94620678 8.96570733 8.92282207
 8.83378161 8.77916442 8.82513089 8.87005244 8.76013345 8.93931648
 8.83723266 9.03882286 8.98603739 8.95964907 8.76350804 8.8400215
 8.83591433 8.77935511 8.95724188 8.8981369  9.0374282  8.82753222
 8.88538049 8.84879163 8.85722117 8.82016765 8.89100013 8.93947815
 8.88328835 8.92104172 8.81947721 8.99357642 8.91269445 8.92369861
 8.96006991 8.74540461 8.93988    8.82511268 9.0639976  8.74678443
 8.83712257 8.87911793 8.80497882 9.0114731  8.97017293 8.84097071
 8.95949436 8.87691193 8.94055697 8.80399887 8.9405319  8.82921493
 8.88844731 8.97469541 8.91652822 8.81321909 8.83170885 8.83417579
 8.95947386 8.93993986 8.75473973 8.86269521 8.87577231 8.78589241
 8.83022117 8.80703881 8.78538145 8.91096596 8.89170286 8.93132457
 8.69821582 8.85270773 8.929044   8.78571002 8.85144175 9.05304525
 8.81876919 8.84928129 8.82746719 8.87890934 8.90936877 8.9503037
 8.83713199 8.8692177  8.91995302 8.85021699 8.75568827 8.88086087
 8.81663843 8.81702871 9.02209773 8.90403432 8.85875116 8.75624452
 8.95038058 8.87379537 8.66889103 8.89505761 8.96433015 9.01399702
 8.76979615 8.75800745 8.97358236 8.87947392 8.91141382 8.8205461
 8.80957885 8.97743517 8.97684472 8.84257972 8.97412445 8.86260691
 8.85409664 8.88519205 8.87461979 8.82960877 8.98172993 8.79524649
 8.79419546 8.80564797 9.06797892 8.93473895 8.89482015 8.88986291
 8.70513857 8.89731006 8.87451988 8.87211799 8.9548847  8.89693949
 8.85142531 8.92961315 8.86125001 8.96118655 8.84815574 8.85437384
 8.92468156 8.90805365 8.83749587 8.81979312 8.76194436 8.89072126
 8.85065555 8.90084436 8.92811643 8.90869419 8.87988191 8.94863706
 8.97261307 8.84233704 8.8933252  8.9064498  8.97990436 8.87152645
 8.81371747 9.07451226 8.76169875 8.9856665  8.92753533 8.79306495
 9.00681169 9.02135974 8.81596119 8.80293907 8.999289   8.8956221
 8.91439246 8.95722167 8.81048138 8.82165092 8.81426375 8.78571002
 8.94534312 8.7841576  8.94270461 9.02395605 8.89153598 8.89307661
 8.94745007 8.92863277 8.93616255 8.9014253  8.88686168 8.81695783
 8.94902768 8.79158908 8.91084133 8.79144538 8.7425794  8.9632647
 9.00333017 8.91436209 8.89172656 8.77497287 8.75609826 8.89832531
 8.89626442 8.96637398 8.76633125 8.97241411 8.81837721 8.83505082
 8.78079336 8.78655146 8.86563716 8.92631174 8.9135042  8.82352993
 8.77935511 8.88267721 8.97407432 8.93024043 8.91354926 8.81835421
 8.67451812 8.85255154 8.91343561 8.95317524 8.79683432 8.85431237
 9.02095368 8.75065199 8.78319978 8.86306851 8.94393841 8.92032897
 8.86131358 8.72106959 8.7711036  8.73325781 8.81922398 8.98167669
 8.80285482 8.94518621 8.8636389  8.76469872 8.86091575 8.91807365
 8.81922398 8.84885159 8.90073979 8.93933075 8.84124354 8.80105962
 8.88242458 8.94804652 8.82960877 8.90601102 8.83378161 8.86664591
 9.00241863 8.85396791 8.90198068 8.81453424 8.94937689 8.8152505
 8.92999606 8.78847378 8.80839452 8.83107297 8.85260261 8.8538456
 8.87375413 8.82513089 8.92522463 8.85324493 8.81254254 8.93790809
 8.87475977 8.87494665 8.9699211  8.79683432 8.88931722 8.91810582
 8.77187332 9.00089371 8.89099668 8.86908891 8.84079729 8.97454022
 8.87214822 8.91914106 8.95929963 8.80261867 8.85848506 8.71438738
 8.89742359 8.88457938 8.85226377 8.87660836 8.92039086 8.8021536
 8.86287091 8.99374502 8.83723266 8.79386917 8.74379326 8.77404378
 8.97386195 8.81568787 8.9139836  8.94198813 9.01507683 8.95826067
 8.95735877 8.88014573 8.74283374 8.81222763 8.78861876 8.88894071
 8.96569784 8.99557402 8.95968713 8.93701746 8.8350365  8.77487309
 8.99235499 9.02555858 9.02435398 8.82478255 8.96670502 8.91091997
 8.75868618 8.87311421 9.05525204 8.81394896 8.85494726 8.85988887
 8.73800389 8.81837721 9.01793012 8.99179224 8.74283374 8.86458412
 9.03057978 8.8845865  8.87001883 8.83811372 8.91916687 8.91765865
 8.77152669 8.85581429 8.90422448 8.9310757  8.92800054 8.83170809
 8.73625627 8.8170352  8.84266833 8.76117218 8.86035939 8.86926205
 8.9136387  8.90122899 8.76762997 8.81685432 8.81765736 8.8880279
 9.00105677 9.01605377 8.97438069 8.75726238 8.94584808 8.92414856
 8.89289084 8.96872801 8.96291857 9.0330455  8.76959001 8.94601013
 8.88881208 8.89100013 8.85755884 8.79276348 8.85927057 8.78987543
 8.81534893 8.79100532 8.91084133 8.90141276 8.91904208 8.98350362
 8.84278931 9.15152791 8.8641573  8.91754306 8.98486316 8.84326618
 8.95314361 8.91373729 8.89560296 8.92749952 8.88171458 8.73205693
 8.89285127 8.90138469 8.7663798  8.78761091 8.9367404  8.90450061
 9.02435398 8.79160157 8.78655146 8.72536928 8.89167596 8.84683038
 8.80620877 8.89285127]","[0.55164112 0.57945521 0.60404177 0.61182848 0.58135057 0.59946639
 0.58985574 0.5781705  0.57095107 0.58807792 0.61351614 0.57770635
 0.6242431  0.57029647 0.60331895 0.55390456 0.58833376 0.55559079
 0.62692359 0.61486183 0.62199699 0.59080557 0.5934691  0.63775373
 0.59966314 0.6145963  0.57503749 0.61017799 0.5600049  0.61333177
 0.68171542 0.56698497 0.61670011 0.57229873 0.58781764 0.54238129
 0.58882728 0.61182848 0.58401494 0.60182959 0.62646475 0.55233523
 0.50976106 0.59577569 0.58568534 0.60315634 0.56524089 0.56371614
 0.60885827 0.62334773 0.57582411 0.5877031  0.61048598 0.61040004
 0.58253794 0.61836011 0.57898293 0.59073603 0.61911485 0.58006327
 0.67258286 0.55044917 0.56653261 0.58801622 0.5913273  0.61206667
 0.57304117 0.57481797 0.58995146 0.57077732 0.56357867 0.58634489
 0.59619164 0.57488866 0.58338306 0.56919909 0.54940237 0.57433431
 0.59366845 0.60480464 0.57890571 0.55495224 0.60278244 0.56554996
 0.59838995 0.6237179  0.63876645 0.54723387 0.57361227 0.59849978
 0.60266746 0.6092597  0.58588079 0.59747392 0.56954163 0.61003438
 0.58218706 0.64518025 0.60936596 0.59457185 0.59002606 0.59295139
 0.5673292  0.56614359 0.56281324 0.56324227 0.63927033 0.62119888
 0.59448281 0.62427502 0.57679588 0.57510261 0.53124326 0.58319519
 0.5582322  0.60688398 0.60847958 0.64927182 0.58824691 0.59080861
 0.54705211 0.57482802 0.59096715 0.58178334 0.56424011 0.56165196
 0.54551556 0.62100529 0.58715131 0.6116713  0.55529133 0.6577101
 0.57082362 0.59079933 0.61838512 0.58058174 0.56615918 0.59464032
 0.5896252  0.61234446 0.57805835 0.59670476 0.54904044 0.55142565
 0.54634451 0.5494583  0.56574888 0.63194148 0.62637507 0.61563087
 0.53424417 0.56267432 0.67592018 0.60539174 0.53519137 0.65699473
 0.62781584 0.5842687  0.63438254 0.63583768 0.60361214 0.56165764
 0.65248916 0.55158554 0.5792335  0.60118898 0.58742382 0.55858885
 0.63596909 0.62976273 0.60269952 0.57503805 0.57980395 0.60295668
 0.61910261 0.59408575 0.57587339 0.61580892 0.62472239 0.6378786
 0.59519083 0.60266996 0.60740117 0.5601154  0.62484867 0.60051747
 0.60889422 0.60218673 0.64504627 0.58667337 0.5675194  0.53232537
 0.64076732 0.65290083 0.56981582 0.62756404 0.58931444 0.62889716
 0.60539449 0.59138364 0.56598403 0.59535769 0.54672658 0.59463063
 0.61702246 0.59885432 0.59882762 0.57354039 0.52326744 0.60240082
 0.64155184 0.59884199 0.55990584 0.57506876 0.55231495 0.60107163
 0.63710805 0.59636922 0.59781741 0.57597596 0.600419   0.61930818
 0.59360014 0.55773945 0.62671137 0.58568728 0.59418066 0.61974912
 0.59815313 0.56737693 0.60326017 0.60607753 0.61868779 0.58001161
 0.58937133 0.59704368 0.59800541 0.59569818 0.53819002 0.57428073
 0.5581718  0.62058923 0.55828285 0.57586006 0.58282296 0.63754123
 0.63209954 0.52538348 0.62689822 0.57722947 0.59271301 0.61687677
 0.55505792 0.54453138 0.57434384 0.62217551 0.57910535 0.58104751
 0.61684463 0.57536223 0.56470139 0.59688799 0.6247704  0.60118898
 0.56962913 0.62206671 0.53999875 0.54783965 0.61885627 0.57379691
 0.58380241 0.61043947 0.56491094 0.51404771 0.62424121 0.5936949
 0.57806958 0.61616387 0.62024235 0.67055477 0.58504057 0.57471666
 0.54672181 0.55077358 0.62650646 0.60377559 0.67156959 0.620431
 0.6287284  0.57305578 0.62292771 0.55585226 0.57838704 0.59420848
 0.64310173 0.59801101 0.58077097 0.58779975 0.57841135 0.60268192
 0.62427502 0.6056542  0.53330632 0.59304072 0.58527    0.62694435
 0.65349134 0.61482119 0.60718432 0.56627765 0.60754545 0.55829372
 0.53833351 0.63438156 0.62706389 0.60149854 0.57269119 0.58919406
 0.62053933 0.59947229 0.67334021 0.63439017 0.57483947 0.58739587
 0.6526237  0.57860202 0.5934691  0.62317534 0.54957561 0.57834381
 0.57483947 0.61554484 0.60035073 0.55252039 0.61715155 0.60829741
 0.65539135 0.5689093  0.57354039 0.58693426 0.63845661 0.59817117
 0.58245824 0.58894101 0.6222496  0.58620484 0.58614518 0.5812696
 0.59195546 0.60505069 0.59498874 0.63068921 0.64018147 0.62331015
 0.6605004  0.60936596 0.57159328 0.60434061 0.59937627 0.58368008
 0.57411777 0.62087562 0.57007827 0.60754545 0.59064271 0.55538716
 0.67851825 0.59482411 0.5844807  0.58359436 0.6039562  0.53421975
 0.63323637 0.60159958 0.54817356 0.61361914 0.58943688 0.67157325
 0.59812259 0.5697146  0.60536893 0.56864655 0.59493662 0.59980611
 0.59393136 0.54570258 0.5673292  0.58921759 0.63783901 0.60506343
 0.55030418 0.61489497 0.55982259 0.56100103 0.54461867 0.593466
 0.55553498 0.57651688 0.65428961 0.62226134 0.57423532 0.58497067
 0.5663267  0.5468747  0.5490791  0.53454064 0.60872278 0.61770201
 0.58134681 0.5455698  0.57053714 0.63298208 0.58034139 0.60103953
 0.64933713 0.5967133  0.54296126 0.62956045 0.59009338 0.57629103
 0.64334221 0.57838704 0.55079749 0.56104896 0.65428961 0.57899161
 0.5707962  0.63750518 0.61418287 0.57078135 0.59833238 0.56485464
 0.61419078 0.58584272 0.55251898 0.58527781 0.58821302 0.62690323
 0.62583353 0.59720489 0.59242389 0.58236572 0.5956039  0.63827304
 0.56068386 0.58398293 0.63650252 0.59661237 0.61549171 0.55800028
 0.55097846 0.58738846 0.55093094 0.6254653  0.55233523 0.58739443
 0.6069459  0.59063179 0.57462084 0.53297767 0.6401698  0.56503875
 0.59382365 0.58824691 0.59618595 0.6224075  0.58405991 0.61140673
 0.58466826 0.63070445 0.62024235 0.57456889 0.60827795 0.57361988
 0.60811101 0.54010802 0.61067108 0.56573505 0.57228157 0.61182921
 0.55664145 0.59896142 0.61624329 0.60516267 0.58045814 0.67332083
 0.55508567 0.61049858 0.6333443  0.58208857 0.59351683 0.59475891
 0.57053714 0.63884442 0.59801101 0.64440189 0.61010893 0.615649
 0.64031807 0.55508567]","[-9.03471209 -8.98845582 -8.85590702 -8.86762015 -8.84040444 -8.83193702
 -8.86824358 -8.94121016 -9.10058687 -8.85756175 -8.93419243 -8.96346958
 -8.92583527 -9.00738662 -8.87118689 -9.00820969 -8.86481799 -9.02047393
 -8.77887307 -8.84183967 -8.94350843 -8.92913286 -8.89259767 -8.84564201
 -8.96585127 -8.83853365 -8.93362078 -8.89343279 -8.96650512 -8.8800617
 -8.66651669 -9.0058086  -8.90927462 -8.92397384 -8.94666013 -9.09955289
 -8.97738033 -8.86762015 -8.89685977 -8.89809476 -8.86733451 -8.99532044
 -9.17196895 -8.95154389 -8.87354189 -8.95749533 -8.99188207 -8.90417591
 -8.82143349 -8.81892247 -9.0222009  -8.86973288 -8.89421994 -8.87261449
 -8.9500022  -8.88260995 -8.98251135 -8.93105192 -8.86076122 -8.91843939
 -8.70066252 -9.04738948 -8.92687168 -8.94183832 -8.92231611 -8.90348267
 -8.99616092 -8.91160021 -8.90447107 -8.96171797 -8.99557231 -8.91645998
 -8.94595633 -8.99567424 -8.83941149 -9.00096631 -8.96535071 -8.97380902
 -8.89224188 -8.91242814 -8.8928201  -8.96845625 -8.80654477 -8.97929434
 -8.82646706 -8.80569983 -8.89565779 -9.00642857 -8.92770002 -8.86419899
 -8.90378375 -8.95381922 -8.95757047 -8.96450438 -9.00090985 -8.935212
 -8.87406984 -8.78467908 -8.8484577  -8.89720448 -8.8014737  -8.96129987
 -8.88630571 -9.06905911 -9.02307251 -8.99946083 -8.77301913 -8.85334861
 -8.86865168 -8.79665618 -8.98776666 -8.93664624 -9.0925464  -8.86664866
 -8.93776384 -8.87067961 -8.87661517 -8.81881741 -8.92093266 -8.96240442
 -8.9444879  -8.95809928 -8.85647997 -9.01724177 -8.95741063 -8.96748238
 -9.01311654 -8.76997087 -8.96504052 -8.84687901 -9.09855525 -8.74665012
 -8.88311569 -8.91197989 -8.82401333 -9.03365127 -9.00946153 -8.87174059
 -8.98180594 -8.89216094 -8.97245428 -8.83629748 -8.9926832  -8.89156058
 -8.94723574 -9.02333962 -8.95897515 -8.82325667 -8.84514963 -8.85181837
 -9.02098859 -8.98246879 -8.74296073 -8.88430948 -8.9435362  -8.78262858
 -8.8429507  -8.84787661 -8.79611343 -8.90866269 -8.91183744 -8.97607848
 -8.70553566 -8.91409568 -8.96113803 -8.81739487 -8.88855033 -9.08681582
 -8.82555382 -8.85738333 -8.85853194 -8.91909559 -8.94252874 -8.96478515
 -8.85184837 -8.89777413 -8.95609826 -8.86664136 -8.77479076 -8.87975135
 -8.8484634  -8.84488308 -9.02662614 -8.94970128 -8.86882373 -8.79066137
 -8.96128706 -8.89711364 -8.6831549  -8.92564504 -9.001235   -9.06878403
 -8.77821027 -8.75916738 -9.00731666 -8.88526332 -8.93840509 -8.83307579
 -8.83567996 -8.99768828 -9.01384461 -8.87213286 -9.02500216 -8.89044692
 -8.86820125 -8.90886627 -8.89937499 -8.87541826 -9.0479981  -8.8252647
 -8.79833308 -8.83974737 -9.09943509 -8.96935967 -8.94705837 -8.91153163
 -8.72115604 -8.92154834 -8.90082237 -8.91186723 -8.97039982 -8.90611973
 -8.88046837 -8.97747739 -8.8691078  -8.98601189 -8.87990112 -8.86743118
 -8.94490074 -8.95411189 -8.86171042 -8.84516156 -8.78247066 -8.92677867
 -8.88440158 -8.92378784 -8.9481377  -8.93249397 -8.94623498 -8.98288572
 -9.01664995 -8.85519263 -8.94295644 -8.94350985 -9.00581078 -8.8721605
 -8.82268348 -9.12970262 -8.77900946 -9.01452018 -8.95183264 -8.81395517
 -9.04788567 -9.06870075 -8.86171162 -8.81969597 -9.02485599 -8.92813026
 -8.92316544 -8.99033812 -8.86444069 -8.85155919 -8.82794383 -8.81739487
 -8.98240113 -8.80178266 -9.00129985 -9.0709933  -8.9021171  -8.93299066
 -8.97561372 -8.94012851 -8.97884489 -8.97981899 -8.8932455  -8.8497677
 -8.9801911  -8.81315578 -8.91850576 -8.77908919 -8.78865089 -8.99478072
 -9.04930185 -8.96669133 -8.89732349 -8.80764658 -8.74854787 -8.90666468
 -8.90018208 -9.00058003 -8.78588773 -9.01684716 -8.86251624 -8.86679402
 -8.78628026 -8.81967837 -8.90206006 -8.95393264 -8.94827688 -8.85075083
 -8.79665618 -8.90177188 -9.03414567 -8.95292222 -8.94316789 -8.83045147
 -8.68411165 -8.86853506 -8.92897553 -8.99166419 -8.82282528 -8.90679475
 -9.07475828 -8.76406149 -8.79778963 -8.88433679 -8.97895759 -8.94734698
 -8.87301338 -8.75989294 -8.75887488 -8.74945255 -8.86573442 -9.00315148
 -8.80006086 -8.97505821 -8.89259767 -8.78451979 -8.91926268 -8.95267319
 -8.86573442 -8.86564719 -8.921425   -8.989125   -8.8569302  -8.82680395
 -8.87064556 -8.98531494 -8.87541826 -8.9353211  -8.83705354 -8.89265815
 -9.02531875 -8.88695914 -8.90958695 -8.85222279 -8.97526965 -8.85777979
 -8.95413947 -8.81634983 -8.84177086 -8.83956587 -8.85331008 -8.86445842
 -8.86123421 -8.8484577  -8.96246592 -8.87648116 -8.84382473 -8.96657613
 -8.91621246 -8.88439951 -9.00641744 -8.82282528 -8.91803963 -8.96819202
 -8.7575331  -9.01573534 -8.92339663 -8.90506922 -8.86505307 -9.03305433
 -8.87526842 -8.93751688 -9.01219585 -8.82465508 -8.89240098 -8.70998599
 -8.92003705 -8.92698534 -8.87381587 -8.92185142 -8.94208385 -8.83270238
 -8.89116484 -9.04269618 -8.88630571 -8.83164855 -8.75606823 -8.80441736
 -9.02125516 -8.83590318 -8.96168477 -8.98566713 -9.06178547 -8.97843098
 -9.00337126 -8.91891898 -8.74486459 -8.82797483 -8.83885133 -8.91923966
 -9.00321676 -9.04371153 -9.00924489 -9.0014589  -8.85713572 -8.79583781
 -9.01683831 -9.06953863 -9.05287993 -8.83279026 -8.99504611 -8.93240185
 -8.76179997 -8.89941225 -9.09931108 -8.82519457 -8.88742334 -8.9019611
 -8.74749297 -8.86251624 -9.05922572 -9.03131032 -8.74486459 -8.902234
 -9.0581902  -8.88355028 -8.88610152 -8.88377661 -8.93965111 -8.96053518
 -8.79479863 -8.89118681 -8.95676062 -8.96008287 -8.95445533 -8.84254555
 -8.75616743 -8.84814195 -8.87466868 -8.80754078 -8.88773541 -8.8692913
 -8.96348107 -8.93207779 -8.77878018 -8.84856977 -8.83693671 -8.93778481
 -9.04516896 -9.03394611 -9.02149483 -8.77625936 -8.99532044 -8.95108386
 -8.91039967 -8.98994169 -8.99534544 -9.08798514 -8.77846546 -8.98579781
 -8.91605546 -8.92093266 -8.88601833 -8.81020809 -8.89479017 -8.81465465
 -8.85534935 -8.80327501 -8.91850576 -8.94121354 -8.93298684 -9.01355468
 -8.86574185 -9.18784517 -8.8858783  -8.960983   -9.01592942 -8.86254716
 -8.99875848 -8.93456761 -8.90649194 -8.94316661 -8.91926292 -8.72473697
 -8.94497781 -8.91663774 -8.77930094 -8.83472176 -8.9591959  -8.92890345
 -9.05287993 -8.7980886  -8.81967837 -8.73515179 -8.90738623 -8.86389413
 -8.81123104 -8.94497781]","[0.55970094 0.61060061 0.75715815 0.7442224  0.77364972 0.78285008
 0.74442371 0.66233982 0.48572665 0.75452591 0.67128089 0.63620587
 0.68076364 0.58941816 0.74076578 0.5902485  0.7463724  0.57408703
 0.84193127 0.77188883 0.66064462 0.67624009 0.71615545 0.76853795
 0.63840769 0.77643244 0.6712792  0.7157292  0.63526734 0.73091912
 0.96522548 0.59155956 0.69833388 0.68140774 0.65762019 0.48488798
 0.6213341  0.7442224  0.71163031 0.70989773 0.74432233 0.60275091
 0.40545764 0.65126187 0.73714125 0.64452913 0.60613853 0.70435766
 0.795351   0.79757862 0.57288278 0.74156387 0.71461895 0.73921203
 0.65238596 0.72773967 0.6157232  0.67481341 0.75171745 0.69196569
 0.92806396 0.54714489 0.67714488 0.66272118 0.68367785 0.70516185
 0.60171433 0.6950216  0.70368403 0.63850766 0.60243659 0.69107296
 0.65680845 0.60192281 0.77586344 0.59617124 0.63707517 0.62670527
 0.71652351 0.69413071 0.71596544 0.63242696 0.81117737 0.62146363
 0.7900224  0.8132971  0.71304817 0.58902867 0.67809319 0.74817544
 0.70395797 0.6488797  0.64421244 0.63650841 0.59621439 0.66892847
 0.73767718 0.83691288 0.76614354 0.71054815 0.81713398 0.64009885
 0.72299872 0.52049998 0.57072316 0.59744241 0.84857275 0.75960541
 0.74462122 0.82241709 0.61017651 0.66800468 0.49426147 0.74467796
 0.66783063 0.74071029 0.73342108 0.79865515 0.68495577 0.63836491
 0.66113659 0.64489244 0.75848237 0.57758111 0.64516574 0.63216491
 0.58313347 0.85408693 0.63526628 0.76780167 0.48691953 0.87764632
 0.72577561 0.6987183  0.79267645 0.55878651 0.58916186 0.73967989
 0.61747792 0.7164801  0.62781095 0.77815688 0.60546868 0.71866827
 0.65541551 0.57163557 0.64249172 0.79385401 0.77152185 0.76154084
 0.57466217 0.61671348 0.88155193 0.72573752 0.65913303 0.83806571
 0.77400734 0.76597005 0.82336601 0.69877654 0.69545134 0.62454334
 0.92275372 0.69530139 0.64020591 0.79969723 0.72390605 0.50044325
 0.79106306 0.75629191 0.7590299  0.68718348 0.66030864 0.63637865
 0.76102688 0.71102768 0.64677023 0.74562523 0.84639504 0.7302734
 0.76441404 0.76944708 0.56777414 0.65063944 0.74341993 0.82867736
 0.64055752 0.71233205 0.94709608 0.67973501 0.5960468  0.51857638
 0.84330044 0.86323601 0.58854838 0.72458037 0.66532951 0.78442978
 0.77885586 0.60083037 0.5823557  0.73859448 0.57004197 0.7180366
 0.74260057 0.69852538 0.70907828 0.73535148 0.54339002 0.79103531
 0.81943253 0.77806052 0.48653232 0.63137706 0.65376289 0.69545956
 0.90547076 0.6846014  0.70844492 0.69468261 0.62996597 0.70136357
 0.72846493 0.62321446 0.7422138  0.61287548 0.73215902 0.74423832
 0.65852706 0.65221427 0.74940502 0.7691313  0.83592343 0.67911167
 0.7261297  0.68155799 0.65498492 0.67272832 0.65744997 0.61688342
 0.58055105 0.75686343 0.65992533 0.6602634  0.59202853 0.73937806
 0.79346425 0.4523604  0.84189452 0.58207824 0.65170537 0.80352971
 0.54392286 0.52105941 0.74960702 0.79737008 0.56986482 0.67498578
 0.68217957 0.60911592 0.74773371 0.76063816 0.78785294 0.79969723
 0.61664531 0.81607561 0.59608439 0.52109365 0.70645006 0.67207784
 0.62521206 0.66340608 0.62221368 0.61597437 0.71488699 0.76300173
 0.61934868 0.80450339 0.68811632 0.84138512 0.83100282 0.60258533
 0.54083247 0.63300725 0.71159523 0.81229892 0.87738901 0.70076442
 0.70859489 0.59821916 0.83450263 0.5789415  0.75023759 0.74528427
 0.83388256 0.79655396 0.70476398 0.6493139  0.65512885 0.76295448
 0.82241709 0.70594377 0.55929865 0.64924032 0.66020325 0.78527102
 0.94711796 0.74259353 0.67628118 0.60625043 0.79314069 0.69894661
 0.51649398 0.8580948  0.82050825 0.7225623  0.62037834 0.65632563
 0.73785198 0.86309576 0.86352718 0.87549488 0.74671884 0.59365044
 0.81820427 0.62358998 0.71615545 0.83630778 0.68550794 0.65050869
 0.74671884 0.74680435 0.6840615  0.60941381 0.75554452 0.78945259
 0.74047236 0.61339275 0.73535148 0.66897468 0.77774602 0.7165758
 0.5692424  0.72250012 0.69838018 0.75991139 0.62502454 0.75552336
 0.64868921 0.79971423 0.77251047 0.77513867 0.76009673 0.74725484
 0.7525152  0.76614354 0.63825873 0.73443309 0.77155324 0.63466302
 0.69063746 0.7244542  0.59240963 0.79314069 0.68840387 0.63288626
 0.86608445 0.5798911  0.68216973 0.70341841 0.74660439 0.55957595
 0.73581387 0.6665627  0.58601469 0.79167648 0.71834849 0.91910226
 0.68576285 0.67747421 0.73615261 0.68463029 0.66047608 0.78225352
 0.71726159 0.54960722 0.72299872 0.78280277 0.86731407 0.81415337
 0.5731371  0.77950931 0.64046306 0.61337177 0.52741194 0.62153141
 0.59374888 0.68706253 0.87933253 0.78814143 0.77686738 0.68458962
 0.59376544 0.54871005 0.58634402 0.59735951 0.7557793  0.82230216
 0.57847654 0.51768798 0.53832618 0.78300511 0.60337477 0.6743793
 0.8601803  0.70904775 0.48591304 0.79148472 0.72236972 0.70714923
 0.8768344  0.75023759 0.52945808 0.56360476 0.87933253 0.70448439
 0.53229753 0.72629345 0.72467511 0.72475229 0.66417188 0.64067429
 0.82317284 0.71836299 0.64451896 0.6426826  0.64793034 0.77188866
 0.8665988  0.7654844  0.73636047 0.81041986 0.72099439 0.7421407
 0.64147559 0.6715674  0.8425664  0.76523417 0.77796108 0.66500276
 0.54647409 0.55926788 0.57311271 0.84533708 0.60275091 0.6511775
 0.69665539 0.60898505 0.60285905 0.50005976 0.84310141 0.61246434
 0.69124165 0.68495577 0.72421914 0.80770758 0.71358307 0.80285103
 0.75795683 0.81521681 0.68811632 0.66432558 0.67145624 0.58151681
 0.7475898  0.38734895 0.72804629 0.64146627 0.57914283 0.74976027
 0.59882817 0.6700578  0.70054549 0.66076886 0.68845257 0.90256136
 0.65790498 0.69069621 0.84165631 0.7837744  0.64308888 0.67623659
 0.53832618 0.82018977 0.79655396 0.89018377 0.70012766 0.74889904
 0.80658323 0.65790498]","[1.07013439 0.97022298 0.7080369  0.73076981 0.68429377 0.66414903
 0.6960605  0.87837819 1.27126666 0.71566129 0.83636871 0.92368111
 0.81568491 1.02346276 0.72571044 0.95369295 0.72458045 1.06114013
 0.58522431 0.687613   0.86801421 0.84453135 0.77966639 0.69091659
 0.83732735 0.66777855 0.85601866 0.77128884 0.90573254 0.74027369
 0.43787971 1.0085086  0.79620212 0.84574013 0.85994864 1.31198804
 0.96561593 0.73076981 0.77820449 0.79213159 0.73165183 0.98271249
 1.55206724 0.89278675 0.7413439  0.91414622 0.99065015 0.78611002
 0.64557934 0.64654282 1.06335361 0.72901226 0.78315192 0.7271624
 0.90298908 0.74539658 0.97553067 0.83363859 0.71521448 0.70430693
 0.47779704 1.03622636 0.83988623 0.84545882 0.83675785 0.781761
 0.99756562 0.8112794  0.77154229 0.91657569 0.99633521 0.79464785
 0.89151882 0.99778205 0.66602282 1.01955793 0.87631973 0.94434269
 0.77996772 0.81676537 0.7750833  0.93653434 0.62270559 0.93261266
 0.63826847 0.60735282 0.77726491 1.00591379 0.82971855 0.71713535
 0.7921028  0.90012868 0.91711592 0.93683948 1.02111597 0.8688072
 0.72684306 0.56723763 0.67823285 0.79022739 0.61444736 0.92873743
 0.75927599 1.20545738 1.06444828 0.98519225 0.57366571 0.69896436
 0.69568022 0.60254051 0.98962459 0.8586745  1.27841558 0.72019655
 0.82014329 0.73226707 0.74839931 0.63431753 0.8384351  0.92974258
 0.80165608 0.87433152 0.66148938 1.06961441 0.87901472 0.917179
 1.02844795 0.52682916 0.93830128 0.67909267 1.2817885  0.53717141
 0.76473097 0.72925048 0.63850579 1.11219876 0.92473667 0.73641591
 0.9706176  0.77472116 0.95373645 0.67699425 0.98451012 0.73236847
 0.89320355 1.03225177 0.91381636 0.63863837 0.63405707 0.69914919
 1.03824139 0.96604741 0.53223543 0.75258834 0.88893642 0.58953784
 0.62022803 0.69590923 0.60455973 0.81053717 0.80791711 0.92502636
 0.47994536 0.72419285 0.92899984 0.64058024 0.69811461 1.26271805
 0.64776186 0.69352989 0.60239272 0.82870963 0.88494622 0.93129843
 0.70545677 0.77382773 0.89112901 0.72002452 0.57744288 0.75195863
 0.69948238 0.67954401 1.08480372 0.89491842 0.71775526 0.60063012
 0.91864365 0.73904603 0.45788997 0.84276566 1.0082902  1.21309656
 0.57146274 0.55399453 1.04138376 0.7473062  0.87098181 0.61286399
 0.66346727 0.98370461 1.03086907 0.7349271  1.06227052 0.7761836
 0.73436024 0.80994515 0.79183046 0.73593322 1.13797569 0.65686423
 0.61150538 0.60924088 1.29991785 0.94266211 0.88725231 0.81881202
 0.50476242 0.83418734 0.76598986 0.81396364 0.94882998 0.80731712
 0.75421803 0.93573575 0.72200793 0.9569887  0.71012624 0.73066593
 0.88581741 0.7898798  0.72406602 0.67993953 0.59133261 0.83385626
 0.74546494 0.84292302 0.87224025 0.83922461 0.87649318 0.95264228
 0.9921232  0.70592476 0.86249504 0.8697372  0.99463449 0.72566383
 0.65319585 1.40930341 0.58370752 1.02578582 0.87229515 0.63865115
 1.12327994 1.16739708 0.72321668 0.62924683 1.07479526 0.85056563
 0.83063346 0.95350743 0.71484431 0.70383751 0.64388246 0.64058024
 0.97928834 0.62056185 0.9831709  1.10360029 0.78493348 0.85020689
 0.93293438 0.87710286 0.92197335 0.93548395 0.77857539 0.70226882
 0.95635686 0.63316351 0.81508054 0.57739701 0.58743666 1.00579616
 1.15325278 0.93785646 0.78121674 0.58320435 0.50243905 0.79522052
 0.7736731  0.97264897 0.58835786 1.03869245 0.70166027 0.71619111
 0.59105093 0.6500219  0.7932262  0.88436377 0.85866472 0.69910253
 0.60254051 0.79814335 1.08452537 0.90198761 0.88709491 0.65964398
 0.441891   0.72777099 0.84474872 0.99384589 0.65008352 0.80037026
 1.13451094 0.56268736 0.60130598 0.75185024 0.96729365 0.87052363
 0.74188798 0.5544913  0.55017954 0.51859261 0.69654689 1.01431187
 0.61715599 0.9581568  0.77966639 0.58519977 0.83614242 0.8799608
 0.69654689 0.71351444 0.83572814 0.96606334 0.70236856 0.65015152
 0.73659409 0.98270004 0.73593322 0.86576221 0.67289611 0.77696721
 1.0788099  0.76224394 0.78838779 0.69928558 0.94711261 0.69843475
 0.88208439 0.64512828 0.68696666 0.65515409 0.69941408 0.71788723
 0.68927487 0.67823285 0.92171617 0.7393673  0.66382461 0.90842774
 0.78835562 0.76400911 0.96019068 0.65008352 0.82444479 0.93475837
 0.53927995 1.05653082 0.84320061 0.78590264 0.72774073 1.11034928
 0.7427718  0.87266874 0.95525559 0.65488906 0.72199182 0.46360293
 0.8299965  0.84286675 0.74464763 0.82357826 0.88009137 0.67014642
 0.77069782 1.12959762 0.75927599 0.66310867 0.54953445 0.61971079
 1.07066015 0.670453   0.89675796 0.97642832 1.18598967 0.95204392
 1.01345876 0.81989667 0.53444846 0.64457945 0.6442925  0.83657354
 1.01701677 1.1311446  1.01651249 0.95898161 0.71170382 0.61145295
 1.04733232 1.21412087 1.16324681 0.66182673 0.98927793 0.80806034
 0.55882634 0.78630076 1.30090552 0.64923927 0.76381886 0.76171679
 0.53607148 0.70166027 1.18172791 1.06353114 0.53444846 0.80161258
 1.18201952 0.75807782 0.73811386 0.76410299 0.87917057 0.91681986
 0.60707504 0.76410402 0.91914033 0.89105661 0.90256334 0.68056294
 0.54968412 0.69695799 0.73279666 0.62495926 0.77085503 0.73496407
 0.82403605 0.86423046 0.57799609 0.69146213 0.67626107 0.85085649
 1.13437747 1.1106465  1.07454019 0.56879111 0.98271249 0.90602346
 0.81551285 0.96915803 0.99333002 1.21718004 0.56725513 0.98344662
 0.79898363 0.8384351  0.75444004 0.62801544 0.78443309 0.63526028
 0.70096708 0.61998605 0.81508054 0.83192735 0.86204055 1.04451661
 0.68792673 1.63079013 0.66699363 0.89737042 1.05064127 0.7202172
 1.00922709 0.85940869 0.8095349  0.86778123 0.78707923 0.49203318
 0.884806   0.80458303 0.5819696  0.59432962 0.90579264 0.84451295
 1.16324681 0.61384968 0.6500219  0.51630577 0.8045419  0.70982653
 0.62969884 0.884806  ]","[5.33305342 5.43296484 5.69515091 5.672418   5.71889405 5.73903878
 5.70712731 5.52480963 5.13192115 5.68752652 5.56681911 5.4795067
 5.5875029  5.37972505 5.67747738 5.44949486 5.67860737 5.34204768
 5.81796351 5.71557481 5.53517361 5.55865647 5.62352142 5.71227123
 5.56586046 5.73540926 5.54716915 5.63189898 5.49745528 5.66291413
 5.96530811 5.39467922 5.60698569 5.55744768 5.54323917 5.09119978
 5.43757189 5.672418   5.62498333 5.61105622 5.67153598 5.42047533
 4.85112057 5.51040107 5.66184391 5.4890416  5.41253767 5.6170778
 5.75760848 5.75664499 5.33983421 5.67417556 5.6200359  5.67602542
 5.50019874 5.65779124 5.42765715 5.56954923 5.68797334 5.69888088
 5.92539078 5.36696146 5.56330158 5.55772899 5.56642996 5.62142681
 5.40562219 5.59190842 5.63164552 5.48661212 5.40685261 5.60853996
 5.51166899 5.40540577 5.737165   5.38362989 5.52686808 5.45884513
 5.62322009 5.58642245 5.62810451 5.46665347 5.78048223 5.47057515
 5.76491934 5.795835   5.62592291 5.39727403 5.57346926 5.68605247
 5.61108501 5.50305914 5.4860719  5.46634834 5.38207185 5.53438062
 5.67634475 5.83595019 5.72495497 5.61296043 5.78874046 5.47445039
 5.64391182 5.19773043 5.33873954 5.41799557 5.82952211 5.70422346
 5.7075076  5.8006473  5.41356322 5.54451332 5.12477224 5.68299126
 5.58304453 5.67092075 5.65478851 5.76887028 5.56475272 5.47344524
 5.60153174 5.5288563  5.74169844 5.3335734  5.5241731  5.48600882
 5.37473987 5.87635866 5.46488654 5.72409514 5.12139932 5.8660164
 5.63845685 5.67393733 5.76468202 5.29098906 5.47845115 5.6667719
 5.43257022 5.62846665 5.44945136 5.72619357 5.41867769 5.67081935
 5.50998426 5.37093604 5.48937146 5.76454945 5.76913075 5.70403863
 5.36494643 5.43714041 5.87095239 5.65059947 5.51425139 5.81364997
 5.78295978 5.70727859 5.79862809 5.59265064 5.5952707  5.47816145
 5.92324246 5.67899496 5.47418798 5.76260758 5.7050732  5.14046977
 5.75542596 5.70965793 5.80079509 5.57447819 5.5182416  5.47188939
 5.69773104 5.62936009 5.5120588  5.68316329 5.82574494 5.65122919
 5.70370544 5.72364381 5.31838409 5.5082694  5.68543256 5.80255769
 5.48454417 5.66414179 5.94529785 5.56042215 5.39489762 5.19009125
 5.83172507 5.84919328 5.36180405 5.65588162 5.532206   5.79032383
 5.73972055 5.4194832  5.37231875 5.66826071 5.3409173  5.62700421
 5.66882757 5.59324266 5.61135736 5.66725459 5.26521213 5.74632359
 5.79168244 5.79394693 5.10326997 5.46052571 5.5159355  5.58437579
 5.89842539 5.56900048 5.63719796 5.58922418 5.45435784 5.59587069
 5.64896979 5.46745206 5.68117989 5.44619911 5.69306158 5.67252188
 5.51737041 5.61330801 5.67912179 5.72324829 5.8118552  5.56933156
 5.65772288 5.5602648  5.53094757 5.5639632  5.52669464 5.45054554
 5.41106462 5.69726306 5.54069278 5.53345062 5.40855333 5.67752399
 5.74999197 4.99388441 5.81948029 5.37740199 5.53089266 5.76453667
 5.27990788 5.23579074 5.67997113 5.77394099 5.32839255 5.55262218
 5.57255436 5.44968038 5.6883435  5.69935031 5.75930535 5.76260758
 5.42389948 5.78262596 5.42001692 5.29958752 5.61825434 5.55298093
 5.47025344 5.52608495 5.48121447 5.46770387 5.62461242 5.70091899
 5.44683096 5.7700243  5.58810727 5.8257908  5.81575115 5.39739166
 5.24993503 5.46533136 5.62197108 5.81998346 5.90074876 5.60796729
 5.62951471 5.43053885 5.81482996 5.36449537 5.70152755 5.6869967
 5.81213688 5.75316591 5.60996162 5.51882405 5.5445231  5.70408529
 5.8006473  5.60504446 5.31866245 5.5012002  5.51609291 5.74354384
 5.96129682 5.67541682 5.55843909 5.40934192 5.7531043  5.60281755
 5.26867687 5.84050045 5.80188183 5.65133757 5.43589417 5.53266419
 5.66129984 5.84869652 5.85300828 5.88459521 5.70664092 5.38887594
 5.78603182 5.44503101 5.62352142 5.81798804 5.5670454  5.52322702
 5.70664092 5.68967338 5.56745967 5.43712448 5.70081926 5.7530363
 5.66659373 5.42048778 5.66725459 5.5374256  5.7302917  5.62622061
 5.32437792 5.64094387 5.61480003 5.70390223 5.4560752  5.70475307
 5.52110343 5.75805954 5.71622116 5.74803373 5.70377374 5.68530058
 5.71391295 5.72495497 5.48147164 5.66382052 5.73936321 5.49476008
 5.6148322  5.63917871 5.44299713 5.7531043  5.57874303 5.46842944
 5.86390786 5.346657   5.55998721 5.61728518 5.67544709 5.29283853
 5.66041601 5.53051907 5.44793222 5.74829875 5.681196   5.93958488
 5.57319131 5.56032107 5.65854019 5.57960956 5.52309644 5.73304139
 5.63249    5.2735902  5.64391182 5.74007915 5.85365336 5.78347702
 5.33252766 5.73273482 5.50642986 5.4267595  5.21719815 5.45114389
 5.38972906 5.58329115 5.86873935 5.75860836 5.75889532 5.56661427
 5.38617105 5.27204322 5.38667533 5.4442062  5.691484   5.79173487
 5.3558555  5.18906695 5.23994101 5.74136109 5.41390989 5.59512748
 5.84436147 5.61688705 5.10228229 5.75394854 5.63936896 5.64147103
 5.86711634 5.70152755 5.22145991 5.33965668 5.86873935 5.60157524
 5.2211683  5.64511    5.66507396 5.63908483 5.52401724 5.48636796
 5.79611277 5.6390838  5.48404749 5.5121312  5.50062447 5.72262488
 5.8535037  5.70622983 5.67039116 5.77822856 5.63233279 5.66822374
 5.57915177 5.53895736 5.82519172 5.71172569 5.72692675 5.55233132
 5.26881035 5.29254132 5.32864763 5.83439671 5.42047533 5.49716436
 5.58767496 5.43402978 5.4098578  5.18600778 5.83593269 5.4197412
 5.60420418 5.56475272 5.64874777 5.77517237 5.61875473 5.76792754
 5.70222073 5.78320177 5.58810727 5.57126047 5.54114727 5.3586712
 5.71526108 4.77239769 5.73619418 5.5058174  5.35254655 5.68297062
 5.39396072 5.54377913 5.59365292 5.53540659 5.61610859 5.91115464
 5.51838182 5.59860479 5.82121822 5.8088582  5.49739518 5.55867486
 5.23994101 5.78933814 5.75316591 5.88688205 5.59864591 5.69336128
 5.77348898 5.51838182]","[99. 99. 99. 99. 99. 99. 99. 99. 99. 99. 99. 99. 99. 99. 99. 99. 99. 99.
 99. 99. 99. 99. 99. 99. 99. 99. 99. 99. 99. 99. 99. 99. 99. 99. 99. 99.
 99. 99. 99. 99. 99. 99. 99. 99. 99. 99. 99. 99. 99. 99. 99. 99. 99. 99.
 99. 99. 99. 99. 99. 99. 99. 99. 99. 99. 99. 99. 99. 99. 99. 99. 99. 99.
 99. 99. 99. 99. 99. 99. 99. 99. 99. 99. 99. 99. 99. 99. 99. 99. 99. 99.
 99. 99. 99. 99. 99. 99. 99. 99. 99. 99. 99. 99. 99. 99. 99. 99. 99. 99.
 99. 99. 99. 99. 99. 99. 99. 99. 99. 99. 99. 99. 99. 99. 99. 99. 99. 99.
 99. 99. 99. 99. 99. 99. 99. 99. 99. 99. 99. 99. 99. 99. 99. 99. 99. 99.
 99. 99. 99. 99. 99. 99. 99. 99. 99. 99. 99. 99. 99. 99. 99. 99. 99. 99.
 99. 99. 99. 99. 99. 99. 99. 99. 99. 99. 99. 99. 99. 99. 99. 99. 99. 99.
 99. 99. 99. 99. 99. 99. 99. 99. 99. 99. 99. 99. 99. 99. 99. 99. 99. 99.
 99. 99. 99. 99. 99. 99. 99. 99. 99. 99. 99. 99. 99. 99. 99. 99. 99. 99.
 99. 99. 99. 99. 99. 99. 99. 99. 99. 99. 99. 99. 99. 99. 99. 99. 99. 99.
 99. 99. 99. 99. 99. 99. 99. 99. 99. 99. 99. 99. 99. 99. 99. 99. 99. 99.
 99. 99. 99. 99. 99. 99. 99. 99. 99. 99. 99. 99. 99. 99. 99. 99. 99. 99.
 99. 99. 99. 99. 99. 99. 99. 99. 99. 99. 99. 99. 99. 99. 99. 99. 99. 99.
 99. 99. 99. 99. 99. 99. 99. 99. 99. 99. 99. 99. 99. 99. 99. 99. 99. 99.
 99. 99. 99. 99. 99. 99. 99. 99. 99. 99. 99. 99. 99. 99. 99. 99. 99. 99.
 99. 99. 99. 99. 99. 99. 99. 99. 99. 99. 99. 99. 99. 99. 99. 99. 99. 99.
 99. 99. 99. 99. 99. 99. 99. 99. 99. 99. 99. 99. 99. 99. 99. 99. 99. 99.
 99. 99. 99. 99. 99. 99. 99. 99. 99. 99. 99. 99. 99. 99. 99. 99. 99. 99.
 99. 99. 99. 99. 99. 99. 99. 99. 99. 99. 99. 99. 99. 99. 99. 99. 99. 99.
 99. 99. 99. 99. 99. 99. 99. 99. 99. 99. 99. 99. 99. 99. 99. 99. 99. 99.
 99. 99. 99. 99. 99. 99. 99. 99. 99. 99. 99. 99. 99. 99. 99. 99. 99. 99.
 99. 99. 99. 99. 99. 99. 99. 99. 99. 99. 99. 99. 99. 99. 99. 99. 99. 99.
 99. 99. 99. 99. 99. 99. 99. 99. 99. 99. 99. 99. 99. 99. 99. 99. 99. 99.
 99. 99. 99. 99. 99. 99. 99. 99. 99. 99. 99. 99. 99. 99. 99. 99. 99. 99.
 99. 99. 99. 99. 99. 99. 99. 99. 99. 99. 99. 99. 99. 99.]","[[0.55655216 0.55655159 0.55655102 ... 0.         0.         0.        ]
 [0.58623479 0.58623399 0.5862332  ... 0.         0.         0.        ]
 [0.61594096 0.61593957 0.61593816 ... 0.         0.         0.        ]
 ...
 [0.62641503 0.62641377 0.62641251 ... 0.         0.         0.        ]
 [0.65446075 0.65445909 0.65445742 ... 0.         0.         0.        ]
 [0.56323887 0.56323792 0.56323695 ... 0.         0.         0.        ]]","[[6.65741007e-23 2.25731879e-22 4.68612442e-22 ... 6.84600728e-19
  1.57341073e-18 7.18250471e-20]
 [7.13729054e-23 2.42343721e-22 5.06702953e-22 ... 7.04623990e-19
  1.56169478e-18 7.28487594e-20]
 [6.61208016e-23 2.24772467e-22 4.69540655e-22 ... 7.67465596e-19
  1.77459987e-18 8.39193377e-20]
 ...
 [7.42545837e-23 2.52045364e-22 5.25235659e-22 ... 7.56773560e-19
  1.72201279e-18 7.94669743e-20]
 [7.44698106e-23 2.52682371e-22 5.25092192e-22 ... 8.02022886e-19
  1.86916777e-18 8.63071864e-20]
 [7.14109838e-23 2.41806816e-22 5.00985105e-22 ... 6.79446532e-19
  1.56496622e-18 7.05361871e-20]]","[[0.00000000e+00 0.00000000e+00 0.00000000e+00 ... 6.28027275e-29
  5.94620165e-29 5.48873582e-29]
 [0.00000000e+00 0.00000000e+00 0.00000000e+00 ... 6.26726586e-29
  5.93285919e-29 5.46672141e-29]
 [0.00000000e+00 0.00000000e+00 0.00000000e+00 ... 6.78225149e-29
  6.42209686e-29 5.93895849e-29]
 ...
 [0.00000000e+00 0.00000000e+00 0.00000000e+00 ... 6.90379235e-29
  6.53622181e-29 6.03118933e-29]
 [0.00000000e+00 0.00000000e+00 0.00000000e+00 ... 7.36756229e-29
  6.97617340e-29 6.44644816e-29]
 [0.00000000e+00 0.00000000e+00 0.00000000e+00 ... 6.53128118e-29
  6.18338055e-29 5.70318080e-29]]","[[2.26713546 1.83490313 1.4712647 ]
 [2.25651855 1.82069397 1.48400198]
 [2.19771197 1.87443044 1.59855547]
 ...
 [2.19794626 1.85613057 1.5683548 ]
 [2.15163343 1.8509557  1.58917855]
 [2.28325446 1.89660947 1.584948  ]]","[298.1808046  297.08506097 295.53729932 295.03227517 300.38413799
 300.34814766 297.47746234 302.34039407 305.32407636 297.52533527
 297.93979563 302.47918593 304.68194549 298.28889166 295.41884418
 300.72429105 303.92577364 298.60396694 297.70200672 299.30124031
 299.46902687 295.7530368  300.16325693 295.14517287 300.7642685
 296.20099212 300.02139945 295.46855015 298.03002431 294.30236443
 304.38998889 296.62510292 298.14073988 298.20535935 295.70951049
 303.42318233 299.14779171 295.03227517 300.17678436 300.38384649
 296.68104974 298.9201276  306.23261259 297.43657392 297.07958171
 298.51423453 296.85843978 309.79242818 297.68911501 296.28822039
 298.51205274 297.67900656 294.53933953 294.96125007 296.3057691
 298.35525612 302.15730448 305.35618155 295.14484506 301.98875903
 305.40212844 303.35695394 300.75339692 296.47611657 295.47976539
 296.09701277 295.9857053  298.92246594 300.33469368 300.42275873
 296.29744542 297.182567   296.573041   296.88794949 299.20794763
 297.51815222 300.05767323 295.20411273 295.47468178 296.2785995
 297.94345657 298.05479494 301.00323168 296.4493259  297.93572446
 296.91206095 302.03677857 302.13922354 298.41637628 296.86589262
 297.48572524 296.86748132 295.33178262 296.50701858 296.51601673
 296.33333238 296.949778   299.18855644 298.49525626 297.01466446
 300.15841025 295.91499592 299.7826332  298.30869133 303.07488192
 302.46926559 296.51708169 299.27944655 295.55532476 300.4392101
 300.53566727 296.07265832 301.46963634 299.37078473 299.68985734
 295.35661793 297.06137748 296.85094903 294.72967176 300.03171417
 305.28835636 299.48534578 296.86624265 298.88341386 297.92298074
 301.38670859 300.87819663 302.07221216 298.10957904 295.09080832
 303.54051081 298.77267889 302.31892542 295.64157445 297.55943995
 301.18092783 308.14608923 295.08161636 296.29496403 299.25045663
 294.93345659 297.38064972 299.46690436 304.08179736 302.00116305
 303.87647274 298.06116015 296.90677563 297.7582757  296.54893653
 301.27837492 296.75061046 299.80756056 297.44066186 308.86447218
 295.99989371 300.74815388 297.99137119 295.6515904  297.5499975
 296.1378782  298.21163423 301.26999333 310.92550322 309.03426701
 299.39205428 296.52337994 300.23555865 296.64094836 297.11516033
 299.02953369 296.36790323 297.01394075 296.7897146  296.40067824
 295.78398789 300.87914506 295.76916263 297.99389153 299.79766422
 300.66223616 298.84482105 302.64757382 304.48318077 298.5053954
 303.94337839 296.3787216  299.81655808 302.49214725 296.09735697
 296.79196425 303.66348646 296.49823507 301.85449715 298.99887563
 300.30450758 299.34884734 299.17383102 299.50619381 301.97802267
 296.97541565 300.02915383 300.68516096 298.35108751 298.68079438
 294.04925044 295.28967626 298.8639287  303.7590335  295.88983933
 304.524977   297.86903448 301.37010166 295.55325104 306.25855574
 293.73751008 299.52465083 301.42180081 294.84827228 297.6713354
 296.61323503 295.27985367 299.81994019 298.08926935 304.81211216
 299.08133967 296.75822165 297.74955559 298.88070226 299.86769936
 302.12143276 299.39781384 305.81884461 295.36100096 296.63007002
 295.3983846  298.68797123 296.23023347 308.32887975 295.91159164
 298.99120185 301.01735513 305.69675534 296.08567856 298.14583849
 300.88285408 296.54832234 303.35285053 296.32761404 296.80481203
 297.48684488 295.11994884 301.93208031 302.56039741 300.05932105
 297.53736336 297.41803749 303.57235777 300.38835087 298.29444668
 301.96062581 299.39139839 301.05006306 299.39205428 296.2986768
 299.54548123 302.8677621  301.6352705  295.22238706 295.79175243
 295.92880386 299.48171163 296.49995802 314.93379549 301.62878268
 300.36628634 298.37835743 295.84310754 299.36527403 310.23355611
 303.57990901 296.97888236 302.06368944 303.62249935 296.38371085
 298.15307165 301.35446835 299.04763768 299.55722986 296.27976966
 297.36323385 297.63224327 298.55191447 296.17048154 299.08711334
 299.82409099 300.57269406 298.57474129 298.517249   295.26207561
 300.4392101  295.22777613 301.26906358 299.77643252 297.04111041
 299.28768377 300.27739971 297.40781026 296.15614366 297.78966115
 298.52384945 302.70295862 303.7403538  298.43973685 306.85513335
 311.96380918 295.71202676 295.83541444 296.67902514 301.201216
 305.97897468 298.3238322  300.61087065 298.65594068 300.25454355
 300.07276164 300.16325693 296.0932792  303.15740136 295.74685858
 300.61087065 295.06117514 303.86564848 299.04957811 299.0968209
 298.23056657 303.22571277 297.26145094 298.8639287  297.80717677
 298.26119499 294.16244188 298.53156451 296.40888789 303.22949102
 301.32181016 295.60832629 301.61595296 299.85636389 299.30655449
 296.37631046 302.1819218  297.73127374 298.796622   304.25848864
 298.49525626 297.85022933 296.38857646 298.5876974  298.79499745
 301.62239919 303.02223275 297.79329942 298.52384945 294.79657469
 298.94789858 302.25468905 299.12389364 295.02894163 296.93544252
 295.95609119 307.71882873 298.86653715 295.78273589 308.34190526
 295.10979889 297.85866344 303.22237781 297.07501742 298.40141436
 298.78551255 297.62800286 300.7459813  297.98699542 298.4751288
 299.14082203 299.7826332  301.01752882 298.34082863 296.9389423
 298.99840232 294.15664482 302.11388245 296.30654387 305.47110048
 297.17321744 297.56117901 298.91818086 298.42750195 297.37239235
 303.2255701  305.18209317 296.57900966 298.08200078 302.87159872
 302.85049848 298.48349625 302.68453731 301.13271601 305.94080032
 300.18869128 296.7328881  296.28624329 295.3360647  301.78421979
 296.63617306 301.36427226 294.98989088 294.94076974 298.97126281
 297.84834103 298.55191447 304.52894718 297.30719962 298.42750195
 298.52980158 298.29927435 298.89823108 295.68525566 302.16106531
 294.64708928 301.12528061 303.45742325 298.55158109 303.50264795
 295.27154291 295.17868048 296.99211267 300.33953628 296.26996996
 296.36189845 301.60750851 297.51849257 297.26296264 299.14641426
 297.50824792 295.31383032 296.73044112 295.41232039 302.98913328
 301.89593923 299.34588215 297.75923699 297.15352237 298.9201276
 299.09883197 295.37564847 298.53161774 296.49614334 304.08196817
 297.83794478 298.66094844 295.57015728 294.72967176 294.5891731
 295.87594844 296.17177924 296.14800988 305.23636597 295.69845649
 299.36527403 296.51810645 297.40209252 300.88606208 296.82207571
 308.52960032 301.28222743 298.57227045 307.86995001 294.5415617
 298.35017971 295.45510504 301.00502895 298.20156438 296.50128414
 299.97201795 299.41908937 295.58137667 301.34057512 300.9426959
 295.20377773 297.95603576 300.18869128 299.77938942 299.82409099
 299.31036954 296.25633176 294.36876202 296.62001349 299.41908937]","[[709.40167491 696.04101741 682.93199052 ...   0.           0.
    0.        ]
 [709.40167491 696.04101741 682.93199052 ...   0.           0.
    0.        ]
 [709.40167491 696.04101741 682.93199052 ...   0.           0.
    0.        ]
 ...
 [709.40167491 696.04101741 682.93199052 ...   0.           0.
    0.        ]
 [709.40167491 696.04101741 682.93199052 ...   0.           0.
    0.        ]
 [709.40167491 696.04101741 682.93199052 ...   0.           0.
    0.        ]]"
