

    0.717287806869080845E-80   -0.191557761058288474E+04    0.561868083160991372E+01    0.112191648901017116E+01    0.997962962716049162E+01    0.174452123311384627E+00    0.132245597521134983E+01    0.103279887380943336E+01   -0.328901161526000951E+01
    0.226963670495371866E-97   -0.183498834301801480E+04    0.358145899211338531E+03    0.211808461926593550E+01    0.100943258512595904E+02    0.228392091921702733E+00    0.844713444158938009E+00    0.716164946706774996E+00   -0.287942359968572426E+01
    0.323457092808650856E-86   -0.188635376807999592E+04    0.984218269578277955E+03    0.228312303764272445E+00    0.996734191302052608E+01    0.814395654981994732E-01    0.523608296260511419E+00    0.130864336407297266E+01   -0.266602855759458990E+01
    0.335402279097523410E-87   -0.188182112624134743E+04    0.247089435286685877E+02    0.145459315290312363E+00    0.978108421746297552E+01    0.295553136686756535E+00    0.296469207424613534E+01    0.543128895775753628E+00   -0.249167694801293571E+01
    0.840276808827797112E-77   -0.192970962955591449E+04    0.340592707879917143E+02    0.142531368037092012E-01    0.987368224999583788E+01    0.137056833694160440E+00    0.106378744093963551E+01    0.824532182313600703E+00   -0.246396698853799911E+01
    0.302514668086827535E-97   -0.183556302262408644E+04    0.603617296725679012E+03    0.183968576814528065E-01    0.979450122109876631E+01    0.309598634724777111E+00    0.108196949121946107E+01    0.579223992305462287E+00   -0.398080219392149859E+01
    0.162152248362054910E-82   -0.190339338727942368E+04    0.371785623440044262E+02    0.260832312358062826E-01    0.100845010280609131E+02    0.322595238685607910E-02    0.574783086776733398E+00    0.807035923004150391E+00   -0.308374249935150146E+01
    0.580919441725807118E-95   -0.184607832764982913E+04    0.554235690688264185E+03    0.139483584303426323E-01    0.976080537287216288E+01    0.239271214986087111E+00    0.181517662476332053E+01    0.399555743088595983E+00   -0.258880314458842697E+01
    0.289592635825491694E-89   -0.187231707504313181E+04    0.678911861148557882E+01    0.160785669027824485E-01    0.984435793537663351E+01    0.553898508894201003E+00    0.457597901163881016E+01    0.728047676506071273E+00   -0.230305731174875250E+01
    0.158855270360740098E-97   -0.183427475016918584E+04    0.260799114816920110E+03    0.577916484934434677E-01    0.962440548173003307E+01    0.219962550981483929E+00    0.583782594927563725E+01    0.157678880306744440E+01   -0.328111607474846156E+01
    0.471467882430982776E-90   -0.186868665635812113E+04    0.255770536323160371E+02    0.509265341537570790E-01    0.982311534478544068E+01    0.436091390020675818E+00    0.395795960609886244E+01    0.114302891350444558E+01   -0.370260034563467944E+01
    0.179573415293776973E-95   -0.184373027171070999E+04    0.100774703648080234E+03    0.260896586927127405E+01    0.983346391192017855E+01    0.641823657076474707E+00    0.435107597330319429E+01    0.128787559710445532E+01   -0.362209619977768238E+01
    0.479754573801333771E-90   -0.186872150373144723E+04    0.666248753530412273E+03    0.229104937420241539E+01    0.967977342309922584E+01    0.154442631739133585E+00    0.363542522931990320E+01    0.119468494974244166E+01   -0.382801388400177789E+01
    0.274610340729453035E-93   -0.185379015013646540E+04    0.141985170741909066E+02    0.944417459728886105E-01    0.987740186092849015E+01    0.109995600618698641E+01    0.438459870942070662E+01    0.870134237428241808E+00   -0.328705014952800401E+01
    0.172720159525999052E-97   -0.183444210851204252E+04    0.917052622415464640E+02    0.437020203710458743E+00    0.986640302473614028E+01    0.131376849803329754E+01    0.398274760008097584E+01    0.876978499667575129E+00   -0.296372930053178596E+01
    0.124833329759801712E-63   -0.199036850838732994E+04    0.220024830308210007E+01    0.843327371833163808E-01    0.982400882221851468E+01    0.132505292214055692E+01    0.164207090480048090E+01    0.386235295232983611E+00   -0.319383773356617118E+01
    0.553922109421589979E-79   -0.191966587460049641E+04    0.394181593468031632E+01    0.210612277210778590E-01    0.986798373653900107E+01    0.714266131821590156E+00    0.254291985542934196E+01    0.827767404441724475E+00   -0.258502563514798878E+01
    0.186819262904275386E-66   -0.197735932213994170E+04    0.556060700962420462E+01    0.577638335186477381E+01    0.971556320625135328E+01    0.421525244814251687E+00    0.301238156343472507E+01    0.204120379477875424E+00   -0.341002681873485258E+01
    0.687342976722105302E-80   -0.191549232306612475E+04    0.123110686230990005E+02    0.496969859312439866E+02    0.971625565065875030E+01    0.425488272906534015E+00    0.310053696381957122E+01    0.610848527208764480E+00   -0.206557049010624239E+01
    0.460751323716248645E-83   -0.190087686263525393E+04    0.221536488057650587E+02    0.141055356013230586E+02    0.997025454646979448E+01    0.436512198367838944E+00    0.153811520319704065E+01    0.722983361167140126E+00   -0.263342583151743659E+01
    0.249316067430538812E-86   -0.188583307801554906E+04    0.308359994096158402E+03    0.139968677956870664E+03    0.987414429031339402E+01    0.255980260549436955E+00    0.137901662528895086E+01    0.111996920373715603E+01   -0.334821649381041908E+01
    0.432133467933526083E-86   -0.188693310412643359E+04    0.705379863041917474E+02    0.686301061825647096E+01    0.965410355894677608E+01    0.274965425404785524E+00    0.347512577555531488E+01    0.320012376619073668E+00   -0.209848603626214381E+01
    0.308048880118430374E-88   -0.187704581171043219E+04    0.160772946180786072E+02    0.859022627795502416E+02    0.100045887630566224E+02    0.431755159795151444E+00    0.126654359124614702E+00    0.582237402606120114E+00   -0.243609740133321662E+01
    0.248262657855546235E-67   -0.197332284325198407E+04    0.337719155693422657E+01    0.226365874723887543E+02    0.962248985591009287E+01    0.117684174030391620E+01    0.230274280360068184E+01    0.572310883290623740E+00   -0.339542767506440324E+01
    0.159287126615040925E-68   -0.196783011528894622E+04    0.137778416898215283E+01    0.112442194902363298E+03    0.979086755810185672E+01    0.112348749311358032E+01    0.680861843979878700E+00    0.383956252963228883E+00   -0.298020382265218275E+01
    0.983916486050142942E-68   -0.197147178052916433E+04    0.107628145473117431E+02    0.875855863985640553E+03    0.958199399709701538E+01    0.489586591720581055E-01    0.359978646039962769E+01    0.255835294723510742E+00   -0.222159469127655029E+01
    0.344211295296988248E-98   -0.183121610430507235E+04    0.358332697939496780E+01    0.275511282536606084E+01    0.977488577871189790E+01    0.383575725511139831E+00    0.893605923355062171E+00    0.727064262912589104E-01   -0.232395838803221011E+01
    0.104474591390154349E-95   -0.184264699125888274E+04    0.135655141424863301E+01    0.781088241053851675E+02    0.963880496550042487E+01    0.494067164035485562E+00    0.636466492663207095E+00    0.901144300936983167E+00   -0.291697280014928939E+01
    0.514698101204925288E-91   -0.186425694524338223E+04    0.295109396678959435E+02    0.784237255449077395E+02    0.991593131446444431E+01    0.768045781717577869E+00    0.221710852162499883E+01    0.974517894524959738E+00   -0.297165926558663029E+01
    0.103969600785368504E-76   -0.193013553411070461E+04    0.117243456355737791E+03    0.893597484330960725E+02    0.990160470534854298E+01    0.232018289322948906E+00    0.221267135303391749E+01    0.855742554012708823E+00   -0.300260020742018652E+01
    0.484134372632824938E-96   -0.184110865827358020E+04    0.469931344843543357E+02    0.623934016845300107E+03    0.979005459345204621E+01    0.791568393570919904E+00    0.256961158724645955E+01    0.417397203666005689E+00   -0.236502476990166155E+01
    0.411976899750756832E-84   -0.189604791006867754E+04    0.481551032930905620E+01    0.135014990914686681E+02    0.991184439585854982E+01    0.363875099516741074E+00    0.134520438158391453E+01    0.110682687256756429E+01   -0.288707360000989288E+01
    0.233813128006366285E-83   -0.189952019009233231E+04    0.691030855246543396E+01    0.417489109722040553E+03    0.937212773180750958E+01    0.731508795878230922E+00    0.349698083036603302E+01    0.351693297724952281E+00   -0.226246003234406734E+01
    0.267527730789967033E-81   -0.190899993252315403E+04    0.873495557508770837E+01    0.249106613690661192E+02    0.939117832653204054E+01    0.274542575513893383E+00    0.362778097565431690E+01    0.360729684632072334E+00   -0.244905129072957406E+01
    0.101109758628583558E-95   -0.184258151675615431E+04    0.226809092609752732E+02    0.213350494910692756E+01    0.988627789777457977E+01    0.594368282687567362E+00    0.392993495482057664E+01    0.121900345539874144E+01   -0.236052268733267478E+01
    0.363927508207487791E-88   -0.187737920415535609E+04    0.218917204540424812E+02    0.638476268812908465E+01    0.988565725908638626E+01    0.702276553438615947E+00    0.258054456927094167E+01    0.883783941091161984E+00   -0.213063993605285340E+01
    0.412307961294759501E-97   -0.183618230419040356E+04    0.118148358283361876E+02    0.199596022442432997E+03    0.986423775613802434E+01    0.814648837281095606E+00    0.258410325284990128E+01    0.133840768012665357E+01   -0.221749764877207323E+01
    0.128306420875951302E-96   -0.183845277591073318E+04    0.720796165638034552E+02    0.158055710665844202E+03    0.992332599903692980E+01    0.530349783812857356E+00    0.322592789667027813E+00    0.110852015239000279E+01   -0.252983894277073684E+01
    0.473653217045047136E-98   -0.183185454379507837E+04    0.117599902389608157E+02    0.110674977269953576E+02    0.980824284309023042E+01    0.234933297318631745E+00    0.190504923457663056E+01    0.144727725849614286E+01   -0.205074093452410633E+01
    0.636146312562523618E-88   -0.187849615194246485E+04    0.307115599076620205E+01    0.849729949375365279E+00    0.986501404831070516E+01    0.724320192050083023E+00    0.112414684810206156E+01    0.991819839937625680E+00   -0.207851021909738787E+01
    0.296668871016183887E-92   -0.185854984723119401E+04    0.777096044774276947E+03    0.764295577689615811E+03    0.978946655262963006E+01    0.606006822720213334E+00    0.203388611297531474E+01    0.811526002808113156E+00   -0.203261413497399168E+01
    0.927625648845946336E-73   -0.194832810406764384E+04    0.496754626560542363E+02    0.761853142093848690E+00    0.960485177291844927E+01    0.248454777936170146E+01    0.622042985471900156E+01    0.437296607628688438E+00   -0.316282730588369532E+01
    0.112367184829852441E-98   -0.182897713679626440E+04    0.327100801093876683E+02    0.246917496122167364E+03    0.959122188838187739E+01    0.181980310020927449E+01    0.480083979537883465E+01    0.146927471175864621E+01   -0.240998860676175930E+01
    0.448010197135380053E-79   -0.191924145842743269E+04    0.289419533720547065E+03    0.438917643527413304E+03    0.949365177494744295E+01    0.170516627351046424E+01    0.539841309633256738E+01    0.998578646312760498E+00   -0.261327220535946925E+01
    0.404678935732959862E-93   -0.185456563183923458E+04    0.358961454669422508E+02    0.581909476324573021E+02    0.972452572208549881E+01    0.155352323241435974E+01    0.396657371085863542E+01    0.839443541305515684E+00   -0.266223100402453117E+01
    0.409975736963700925E-83   -0.190064334165586251E+04    0.914756901368655235E+03    0.284894706356033778E+01    0.959978849393053402E+01    0.131621744762492909E+01    0.559791252694288488E+01    0.478362329391425534E+00   -0.313833368912954658E+01
    0.158208896004365155E-95   -0.184347693603717971E+04    0.531065072232764123E+03    0.276618981293832974E+03    0.932784948836244965E+01    0.338867701241955310E+00    0.477946896446261693E+01    0.879829374125883357E+00   -0.339408548344970606E+01
    0.245461832499976946E-75   -0.193645879011757984E+04    0.137788342971248341E+03    0.293874625149754181E+02    0.928655442103519846E+01    0.637803673165245999E+00    0.537286137015632281E+01    0.542130292025539640E+00   -0.305596831029511140E+01
    0.156230652024445573E-76   -0.193095000390597079E+04    0.492619602523582145E+02    0.254756420766733740E+02    0.940558099604819198E+01    0.926166110495295514E+00    0.579983321968218757E+01    0.334738697856050538E+00   -0.306301934031516598E+01
    0.162301382091983248E-92   -0.185734352400264288E+04    0.454078792116172139E+02    0.425361719836143521E+02    0.966026081834924888E+01    0.126204802289561302E+01    0.404799887167208983E+01    0.808196236805485246E+00   -0.303671009647989187E+01
    0.138810422937650231E-78   -0.192150321490311126E+04    0.641985872167717986E+02    0.129195497863689440E+03    0.925380670079426260E+01    0.113503573113522127E+01    0.542960909652605395E+01    0.591933262984793873E+00   -0.298468392301435248E+01
    0.227483477636072531E-94   -0.184880842887032986E+04    0.524204902219152160E+02    0.100137047590374195E+03    0.938317556127650576E+01    0.318856391544158679E+00    0.496052885766388840E+01    0.112758414749913910E+00   -0.275499372881618987E+01
    0.294698065150628782E-98   -0.183090549555488906E+04    0.146971004145808905E+03    0.792305653368467517E+02    0.962087954476646345E+01    0.665782253641493460E+00    0.305441327586988232E+01    0.526234343510893599E+00   -0.349814723824187679E+01
    0.991064118765887717E-94   -0.185175183211699868E+04    0.172347327221264578E+03    0.404691974481062005E+03    0.953827403254855533E+01    0.277552212571962165E+00    0.363673877530130696E+01    0.104909946412155675E+01   -0.374770972328412499E+01
    0.169103332115341071E-97   -0.183439978301382826E+04    0.793259522039989040E+01    0.117236938526692455E+03    0.933008327222635714E+01    0.940534732847432942E+00    0.400588081158149656E+01    0.982615791477974621E+00   -0.283216262514717343E+01
    0.338649541946876346E-59   -0.201078516170610555E+04    0.639061155418297062E+03    0.323896324723847385E+03    0.940780395766012134E+01    0.937131181809306546E+00    0.565454356036110006E+01    0.845959886873285938E+00   -0.245335825856823231E+01
    0.415456637517104772E-68   -0.196974745497941672E+04    0.645311352925321025E+01    0.661780676350808903E+03    0.965197128042167662E+01    0.145178088653731052E+01    0.334734484253345688E+01    0.489756912964547486E+00   -0.235126181237149456E+01
    0.221758087249076509E-97   -0.183494193727369839E+04    0.765403571209902793E+03    0.321395967143785377E+00    0.985945184734707070E+01    0.121214183047405855E+01    0.477701527562758343E+01    0.116533787037749703E+01   -0.270222245114570558E+01
    0.124815026183666184E-93   -0.185221310953796228E+04    0.779401592317187919E+03    0.233714337683674112E+00    0.955839182632861650E+01    0.156085793617971125E+01    0.605997351106106841E+01    0.105378059243402888E+01   -0.207637067385604457E+01
    0.245916652675747066E-92   -0.185817459935887382E+04    0.310272700095390462E+03    0.126060133722578249E+01    0.974735118395508948E+01    0.804055622747624876E+00    0.393522220458027139E+01    0.661628140999555470E+00   -0.228379702019350272E+01
    0.166678455150165492E-98   -0.182976572598272878E+04    0.118031231800857242E+03    0.227344545049283309E+00    0.988481716859599935E+01    0.140764551507315794E+01    0.443810704102469078E+01    0.940150583043089294E+00   -0.226803496463189225E+01
    0.634111835066816790E-96   -0.184164838394816888E+04    0.395944304746434597E+02    0.461733550644968016E+00    0.980386158810256880E+01    0.161363164766895428E+01    0.491942144431094519E+01    0.754682968484102878E+00   -0.279672228177581728E+01
    0.233338535437432464E-97   -0.183504374377412660E+04    0.941750086774144393E+02    0.128367076520150802E+01    0.975529607670862475E+01    0.182726182345215116E+01    0.476355599363133742E+01    0.694015871906343729E+00   -0.201564292315383309E+01
    0.166394857866079915E-89   -0.187120885183163909E+04    0.195743286674703569E+03    0.142936130428478929E+02    0.956182206566273507E+01    0.126050712430519263E+01    0.539945922854778537E+01    0.125329692360607892E+01   -0.219704203719149316E+01
    0.133334567188059075E-97   -0.183392448611702434E+04    0.100306225210659093E+03    0.966565866662522977E+00    0.977829610215155398E+01    0.116408402996421945E+01    0.432489573564119745E+01    0.113551730596005518E+01   -0.235941661023919913E+01
    0.284910414063516785E-97   -0.183544311268087995E+04    0.254727067242927063E+03    0.314695831088072797E+01    0.974485590801226564E+01    0.152103891126884072E+01    0.420890584295265580E+01    0.984206917796963232E+00   -0.201222828551238564E+01
    0.872862237097290066E-92   -0.186070816950109975E+04    0.574754808090650727E+03    0.826434162429143693E+00    0.961665162993013922E+01    0.644365767671290834E+00    0.506025872363367402E+01    0.890349693819490584E+00   -0.231924249059491139E+01
    0.101010520125563653E-77   -0.192547261615432330E+04    0.405343604546532504E+03    0.200472735737855068E+01    0.948644412980454099E+01    0.648268328345672717E+00    0.568828734835252359E+01    0.831581393471031438E+00   -0.264196526069158288E+01
    0.178845873636379066E-98   -0.182990664169400998E+04    0.404564364959584111E+03    0.137623799677314618E+01    0.931368040038539213E+01    0.750153957655015802E+00    0.598488049151894952E+01    0.636552399270590374E+00   -0.241905533396756756E+01
    0.229573051562430097E-87   -0.188106290752491645E+04    0.343842918063946968E+03    0.245559218093654046E+02    0.952235500679544344E+01    0.438773462242776024E+00    0.477077770250329980E+01    0.125993679981206852E+01   -0.259275530065227766E+01
    0.526917983313889348E-94   -0.185048836346446251E+04    0.570917964862128770E+03    0.586341175315105403E+02    0.935047407602187164E+01    0.415757413668222331E+00    0.469579614762263198E+01    0.282093974113635015E+00   -0.213137045571153072E+01
    0.352483379330284893E-86   -0.188652564207888759E+04    0.940026019830951782E+03    0.199774944384218456E+01    0.931215208388547566E+01    0.181985883674976284E+00    0.567658841525676827E+01    0.494365040891573071E+00   -0.217438930711078537E+01
    0.188042205592620983E-68   -0.196816203135699834E+04    0.638186518294287453E+03    0.670952360448909824E+00    0.963523125697019722E+01    0.144847301743973556E+01    0.622185950838602952E+01    0.596223065019734988E+00   -0.233373525845259921E+01
    0.117794873903133248E-80   -0.191196454576424117E+04    0.320227442360108157E+02    0.151643531999050765E+03    0.932789786645820662E+01    0.200138782859677766E+01    0.556781215044833200E+01    0.896628003336425006E+00   -0.296556157520268604E+01
    0.112753948148935785E-91   -0.186122020019756133E+04    0.156857927398298322E+02    0.293860748708360063E+03    0.908829183389337203E+01    0.161783515849682358E+01    0.511082385666675965E+01    0.781353904465230231E+00   -0.332527874840937310E+01
    0.260859232727114431E-96   -0.183987189512563191E+04    0.150422818452260714E+03    0.204656956850387104E+03    0.883901943113458088E+01    0.148629893585349637E+01    0.601571019548548414E+01    0.533796335425865687E+00   -0.386683260099447201E+01
    0.126327250899271350E-72   -0.194894576928079005E+04    0.613543355431561508E+03    0.190958615319182684E+03    0.909697113704058147E+01    0.214942315506083048E+01    0.589494674083885517E+01    0.398740720191163578E+00   -0.259864383552910994E+01
    0.717960029109746166E-93   -0.185571227163183175E+04    0.278642623855708678E+03    0.177951183822593201E+00    0.966897875574880317E+01    0.129630371351033125E+01    0.552593439891367311E+01    0.428117812826189437E+00   -0.292552571519713034E+01
    0.121287152294836051E-76   -0.193044365878528424E+04    0.180574955050953285E+02    0.427892057355673538E-01    0.981482774210524944E+01    0.233873131225583314E+00    0.479061102436546360E+01    0.492252287444365555E+00   -0.397630141460888620E+01
    0.234121515630297408E-90   -0.186728663495059550E+04    0.535416306988522948E+02    0.178816327945582228E-01    0.978237239748274590E+01    0.124808996923950047E+00    0.471131545051683265E+01    0.227952870903102400E+00   -0.369197132570246778E+01
    0.178517695929831611E-41   -0.209239766897407799E+04    0.132668678165560756E+02    0.694914927855453501E+00    0.953095960617065430E+01    0.603710114955902100E-01    0.544479846954345703E+01    0.381500244140625000E+00   -0.382020056247711182E+01
    0.114165572874579913E-98   -0.182900889248307658E+04    0.172638348563087476E+02    0.786668477180307946E+02    0.945461129929405253E+01    0.145188402048406218E+01    0.444565035810847942E+01    0.118105968441216902E+01   -0.384372315929803809E+01
    0.466389713722214785E-97   -0.183642880625274256E+04    0.135425343434312513E+02    0.871509644245836435E+00    0.969992672251915167E+01    0.521429334234763342E+00    0.477631227949306059E+01    0.701979735837277574E-01   -0.387862383611369932E+01
    0.578385909328584392E-78   -0.192435747924434850E+04    0.892334350232103702E+03    0.424646387138342885E+01    0.959277956559169453E+01    0.284986337822743969E-01    0.319193995189470714E+01    0.407839905448410089E+00   -0.379028562217086629E+01
    0.509456828825461177E-82   -0.190568300611551058E+04    0.532743956739789581E+01    0.313868492929144538E+00    0.974760621686834305E+01    0.807988489474495863E+00    0.309039674723760394E+01    0.182023976001620846E+00   -0.341622743830797759E+01
    0.819756919051574283E-92   -0.186058262973461024E+04    0.203915323681935092E+03    0.501380325835471874E+00    0.954128103817084749E+01    0.214125053740255089E+00    0.534512374113086075E+01    0.868674252601820268E-01   -0.337351460016244964E+01
    0.145605821835065120E-98   -0.182949539914660954E+04    0.172459437252123955E+02    0.344326039586716648E+00    0.984617048259592131E+01    0.134483062802993558E+01    0.433032520108205343E+01    0.558328166256086833E+00   -0.355538559412519550E+01
    0.534622836453414606E-90   -0.186893807743370598E+04    0.616198922617152078E+01    0.415529347606123090E-01    0.985083834465998365E+01    0.160381146390005336E+01    0.437488860060408769E+01    0.666632106381870870E+00   -0.333071513285165732E+01
    0.493545719451652289E-88   -0.187798852576199852E+04    0.101392581666905013E+02    0.354591413396976696E+00    0.979868537187576294E+01    0.214746609330177307E+01    0.465001434087753296E+01    0.479307174682617188E+00   -0.384073519706726074E+01
    0.270117544047109945E-93   -0.185375715826153055E+04    0.149152370796844366E+03    0.158515974406079856E+02    0.955169821646816430E+01    0.169633821955044262E+01    0.473589209583140924E+01    0.491383542577752630E+00   -0.396723896086791505E+01
    0.152612655395111914E-77   -0.192629797290662646E+04    0.103377375274051069E+02    0.178471084418222216E-01    0.976252432793612002E+01    0.173976334991462367E+01    0.539198169175054520E+01    0.581017818276737374E+00   -0.365065500082965988E+01
    0.129135277767954398E-97   -0.183386048413193862E+04    0.663778205358382934E+03    0.270052596081504559E+01    0.972354901815658046E+01    0.183898651137955405E+01    0.504428875393041398E+01    0.589332335932216012E+00   -0.389737711789784091E+01
    0.370697116789403575E-90   -0.186820572505908603E+04    0.325622431225094155E+01    0.114798592706503788E+01    0.982049321357564686E+01    0.175847933356502395E+01    0.251131658515034006E+01    0.677300974799792566E+00   -0.308209683469787210E+01
    0.509012524535495092E-91   -0.186423472945315370E+04    0.213877687723852006E+01    0.445166703547731246E+00    0.969732245420736660E+01    0.220598733422173776E+01    0.178010351938336719E+01    0.873594745296258912E+00   -0.349858418534209958E+01
    0.977139858930817772E-83   -0.190238040528266447E+04    0.163668994415395375E+02    0.179670558699768779E-01    0.970511040989828899E+01    0.151357205851743171E+01    0.525819543913587051E+01    0.600743658322820617E+00   -0.359280947916145355E+01
    0.253054032069393859E-49   -0.205625413808267240E+04    0.440078876842846256E+01    0.812802329455377948E-01    0.959447466420967210E+01    0.188818522631333363E+01    0.611471620106441538E+01    0.302549823136016471E+00   -0.391595950979695218E+01
    0.319533426804306594E-69   -0.196461725208123744E+04    0.252535444927896791E+01    0.790225294564156577E+00    0.936816960152889955E+01    0.640401299849519878E+00    0.460855796291996622E+01    0.483690008177435682E+00   -0.312141016445642761E+01
    0.440392762029330972E-64   -0.198828471316945843E+04    0.251695063472155978E+00    0.355904463849613180E+02    0.891776643042439687E+01    0.174882421944975497E+01    0.331998967634355147E+01    0.205554133301898978E+00   -0.363157786173569441E+01
    0.329742993557805983E-81   -0.190941811315548262E+04    0.978990841117473365E+00    0.463798835027455070E+02    0.888643907217232609E+01    0.993506149231922819E+00    0.508409689470327741E+01    0.295851045593715722E+00   -0.339567909937967105E+01
    0.372897946185767893E-12   -0.222742083846037440E+04    0.153251753203375113E+00    0.820749717722748517E+00    0.914136179630412293E+01    0.354733221806339039E+00    0.463013768353653177E+01    0.122673565532340725E+00   -0.395721085576075104E+01
    0.144726629913087741E-59   -0.200908492346403841E+04    0.505733529251605276E+02    0.211104398791160826E+02    0.879433137244793706E+01    0.152365088271753368E+01    0.620214059611560042E+01    0.340680198579714544E+00   -0.346262830417825018E+01
    0.713964736609239697E-91   -0.186491145135357283E+04    0.194480558419908078E+02    0.116018121659508666E+01    0.918256307264326210E+01    0.110569989301160287E+01    0.584092100029574635E+01    0.348160489282499028E-01   -0.333035984933107621E+01
    0.972022046907216671E-72   -0.195302677471452466E+04    0.347035494477548099E+02    0.289498631366475763E+03    0.884343707209936625E+01    0.219285810279114379E+01    0.576081732206839714E+01    0.209792637500321233E+00   -0.338461227196446046E+01
    0.215538247351866237E-73   -0.194540912430753747E+04    0.311283459916577065E+01    0.917827182780685575E+03    0.927032138123118798E+01    0.177877374273015065E+01    0.380361277300042566E+01    0.508832293318305151E+00   -0.316075950351952306E+01
    0.506424968058670447E-36   -0.211750889678693829E+04    0.553337978386850615E+01    0.135963714330836005E+02    0.892405608560932961E+01    0.240591512211244485E+01    0.534738011511302780E+01    0.230438805166174959E+00   -0.372634507276890803E+01
    0.386857162365435213E-27   -0.215841678718238472E+04    0.739567449328557380E+01    0.285073608760434425E+02    0.903347250738225682E+01    0.141200139768851729E+01    0.518184469615412890E+01    0.243657975584438469E+00   -0.300793350719643815E+01
    0.265891536247155721E-75   -0.193661868411845990E+04    0.116732081623354844E+01    0.606688052246157739E+00    0.907001332796894566E+01    0.146676985759331169E+01    0.555110062295521001E+01    0.180145843268328470E+00   -0.324059530369994242E+01
    0.727647477250819512E-59   -0.201231486355270022E+04    0.444924914813826441E-01    0.124442513367694629E+01    0.905975322077285838E+01    0.154472978990051857E+01    0.363315867892897426E+01    0.272318265582134178E+00   -0.377564693686837538E+01
    0.463945594087386848E-63   -0.199299408399846334E+04    0.388642575890772723E+00    0.263037386532480044E+00    0.917726528644561768E+01    0.513910651206970215E+00    0.457497864961624146E+01    0.337972164154052734E+00   -0.371883761882781982E+01
    0.169165918471904203E-05   -0.225807618020213749E+04    0.403726617100468935E-01    0.726706410598865316E+00    0.945871557866142965E+01    0.190880811381543913E+01    0.458765766658806573E+01    0.620167107767640585E-01   -0.367572265573467982E+01
    0.234314065750107442E-54   -0.203307440584347637E+04    0.846096869700640186E-01    0.160808595504516788E+00    0.934227591291076820E+01    0.177297904456169420E+01    0.585667897054061015E+01    0.334159721192251902E+00   -0.380068594651982483E+01
    0.505668377148167464E-86   -0.188724739728488089E+04    0.418711429268053270E-01    0.386077003378289055E-01    0.926870070742110386E+01    0.538396928652934759E+00    0.593072217853363615E+01    0.512744549611619860E+00   -0.388195779657177731E+01
    0.354500016577502626E-17   -0.220429379475692713E+04    0.263987384798341562E+01    0.440845129145296222E+00    0.957224855880627423E+01    0.759779319551612042E+00    0.403643877940085805E+01    0.125296228078629113E+00   -0.312125052267304337E+01
    0.131922240927861785E-24   -0.217008061199979693E+04    0.884909269452040737E+00    0.599628580206712294E-01    0.937903268741020746E+01    0.828465283727535667E-01    0.426255902004410192E+01    0.219464269219793034E+00   -0.384616626018540053E+01
    0.799237693150905697E-54   -0.203552839786954610E+04    0.776612188937536474E+00    0.295148962039941364E-01    0.936237723174748560E+01    0.118080775110824732E+01    0.428658967319454209E+01    0.336599338531469061E+00   -0.327015787170135708E+01
    0.875611772072708560E-50   -0.205413160745412279E+04    0.251041561070253216E+01    0.546922147588525420E+00    0.923152298920898673E+01    0.124185995234745739E+01    0.536900350010179128E+01    0.271902588766535572E-01   -0.358525865200929195E+01
    0.316822780919777800E-73   -0.194617953268977135E+04    0.980343092748214712E-01    0.445690583059642677E+03    0.874962067007326283E+01    0.239802215968637888E+01    0.413518463984200313E+01    0.113946156320930220E+00   -0.336958348967068355E+01
    0.457106607131526257E-98   -0.183178342618579836E+04    0.466980328567331568E+02    0.509368791484877832E+02    0.926648365403676699E+01    0.230900209828510050E+01    0.533995797881259548E+01    0.633153070294301679E-01   -0.332307612539194874E+01
    0.167361485118654563E-63   -0.199095486152527269E+04    0.131770628059645767E+01    0.806824670478420297E-01    0.976861353716632408E+01    0.179443518684533343E+01    0.577802131126952334E+00    0.447970080614765953E+00   -0.294271341340243087E+01
    0.128502224187116966E-05   -0.225752631262938303E+04    0.155301904757405768E+00    0.160507141931079296E-01    0.943325843010036991E+01    0.149159486286748066E+01    0.303165402682500140E+01    0.145803082583147003E+00   -0.329431031891925086E+01
    0.123780729398692768E-95   -0.184298612684237787E+04    0.112789567942639724E+01    0.419201352683685191E-01    0.936093296518018292E+01    0.145920061182062555E+01    0.142624065107090758E+01    0.549123398566490839E+00   -0.342567824984150482E+01
    0.100243224260512923E-86   -0.188401083408923569E+04    0.759580317547711714E+00    0.167506157005571517E+02    0.935580059528674823E+01    0.228138001527146850E+01    0.155547375176722280E+01    0.590214712613929660E+00   -0.327221472841121219E+01
    0.642543598714034389E-73   -0.194759371690089915E+04    0.190544895967894701E+00    0.645367907193843959E+00    0.954910136565276702E+01    0.203314047833760858E+01    0.926883693297311462E+00    0.220543839385789753E+00   -0.364911421919764978E+01
    0.428180059898652174E-72   -0.195138710535773134E+04    0.249437358385944108E+00    0.448548942571367293E+00    0.926907238885780060E+01    0.209046498701310668E+01    0.122422859941356532E+01    0.422252986666449115E+00   -0.332289691543770038E+01
    0.350435915914447501E-81   -0.190953984177534949E+04    0.772283306193090158E+00    0.684552504988763383E-01    0.935650235669592689E+01    0.234664460139767650E+01    0.173281770025693782E+01    0.473682805831675491E+00   -0.331887651331975730E+01
    0.195335347857810703E-92   -0.185771404965059173E+04    0.342332757295711665E+00    0.654862008677548901E-01    0.951640145056564535E+01    0.189730484217487727E+01    0.942890857674874905E+00    0.438333825710420344E+00   -0.344759156796745048E+01
    0.635498062968585959E-05   -0.226072323828847721E+04    0.172076543972466384E+00    0.710521715350865973E-01    0.936199544829995745E+01    0.105176849083387935E+01    0.117956833888264301E+01    0.658004231446251420E-01   -0.355757416611028399E+01
    0.181128660075142161E-69   -0.196348194351585767E+04    0.102762236469485568E+00    0.471586197897837789E-01    0.910071262650209967E+01    0.107620444444343355E+01    0.189496959642428942E+01    0.107400325468134328E+00   -0.350114889061760204E+01
    0.347515166816168710E-49   -0.205688854863897086E+04    0.184181288616517214E+01    0.172616185454908144E+00    0.952569035135923059E+01    0.228831535011307041E+01    0.364412183340597950E+01    0.319224411105964279E+00   -0.326489695171861793E+01
    0.194288873882290209E-96   -0.183928262546274141E+04    0.307040557967758376E+01    0.409652103698513514E+00    0.920923950049197515E+01    0.183360140996196241E+01    0.456225963141206847E+01    0.213270249254572275E+00   -0.315773475570192286E+01
    0.146635998651286826E-67   -0.197226977530460181E+04    0.755291640053950442E+00    0.157801334269889286E-01    0.952787837930461556E+01    0.224200117082475536E+01    0.404195632245566294E+01    0.389089268218692552E+00   -0.375947813320698065E+01
    0.299270451561656719E-73   -0.194606554292578721E+04    0.128507513580663590E+01    0.119783911932405669E+02    0.934715238678976945E+01    0.212871747710030990E+01    0.134104042685766789E+01    0.270238700965457379E+00   -0.312325250378263286E+01
    0.630815913990088487E-96   -0.184163796144447042E+04    0.254785560019810675E-01    0.236621173902236581E+00    0.906693166613779411E+01    0.224888897333264604E+01    0.309412842571846936E+01    0.369573985267117211E+00   -0.396380417841218247E+01
    0.105199273780283287E-45   -0.207291932555789117E+04    0.859762558013997591E+00    0.951143215605164821E-01    0.957527390051729199E+01    0.184466598487861089E+01    0.323008285340486534E+01    0.264792202988417880E+00   -0.396075081835881893E+01
    0.265045821671848885E-88   -0.187674510021231799E+04    0.119353851939254421E+00    0.854509891129145327E+00    0.921059057465765818E+01    0.220087532659040086E+01    0.208968585542620522E+01    0.522427704515814217E+00   -0.316637384938071964E+01
    0.699952992774006799E-88   -0.187868732112551925E+04    0.254342695513138824E-01    0.189931239495555626E+00    0.945052563513495514E+01    0.246400453887523341E+01    0.378465436114694587E+01    0.389904330627240614E+00   -0.330549292789890004E+01
    0.113179835644852177E-36   -0.211451210047679524E+04    0.117436911069721339E+01    0.382969856088716046E-01    0.954610394701628273E+01    0.163282042157427898E+01    0.256957864701992511E+01    0.269439591019154490E+00   -0.363346573934406480E+01
    0.140133720218507278E-46   -0.206888763680013608E+04    0.220875907246925823E+00    0.143531305575549872E+01    0.922545508455331387E+01    0.170787005455845331E+01    0.726729046586670924E+00    0.217400713780872140E+00   -0.366895908144411154E+01
    0.259082311966841624E-56   -0.202406503235398395E+04    0.739260458756458627E+00    0.276542053568830867E-01    0.930168251556994363E+01    0.729663832026394177E+00    0.462140904984245093E+01    0.329132918944485930E+00   -0.372414953634618850E+01
    0.716553668311423673E-60   -0.200767896626976562E+04    0.950056414980814878E+01    0.127389394359358721E+01    0.961779924241628059E+01    0.235005586538510336E+01    0.504182776426814439E+01    0.329833458264938151E+00   -0.250564226176223848E+01
    0.148186553776205371E-78   -0.192163394058316453E+04    0.361540744950860429E+02    0.107339749311559540E+01    0.913132887019823869E+01    0.137818537846011990E+01    0.619597748525298098E+01    0.653446762718291885E-01   -0.297640666645115104E+01
    0.218411928152731400E-92   -0.185793737973927637E+04    0.132777515562282986E-01    0.109626082872642430E+00    0.901333520297716717E+01    0.136349027155765135E+01    0.609748656368967712E+01    0.151478480584765707E+00   -0.295864571757289108E+01
    0.259597232619688782E-76   -0.193196559964736412E+04    0.693391845193985001E+00    0.199157645173520720E+00    0.913394164943646913E+01    0.780227077656654666E+00    0.515497388579615290E+01    0.270839186686612998E+00   -0.277820437875136506E+01
    0.178445070294244737E-42   -0.208779168497058890E+04    0.214534779535815012E+00    0.390075059111459232E+00    0.939964420039326498E+01    0.159469506332641653E+01    0.593122271779137211E+01    0.264162454818483217E+00   -0.315381564919064772E+01
    0.141135109707480672E-42   -0.208732255863465343E+04    0.275619634035015393E+01    0.168140650398959118E+00    0.949048163853400339E+01    0.127953519067317467E+01    0.621722473408129073E+01    0.312807428585579028E+00   -0.299762749125628236E+01
    0.269337875755267003E-68   -0.196888063175634147E+04    0.565149051810007652E+01    0.567242809492326250E-01    0.958147909766040584E+01    0.206108318628431064E+01    0.545079219140195015E+01    0.538451160276115948E+00   -0.328007843037223346E+01
    0.538754175297055272E-88   -0.187816381354902069E+04    0.350001909966972891E+01    0.120275648444869113E+00    0.985316620157930245E+01    0.141480323481422121E+01    0.385567519576050888E+01    0.231109248848350185E+00   -0.217923460217741471E+01
    0.574785953151461016E-61   -0.200263288522018934E+04    0.207482372938410042E+00    0.235629507471558108E+01    0.892438722890525682E+01    0.178616271769174051E+01    0.444751101078040012E+01    0.139620936556633206E-01   -0.228985411889047930E+01
    0.147028990649779799E-98   -0.182951485247169921E+04    0.318483537948506146E+00    0.711211399586332421E-01    0.917595046364856870E+01    0.193686185835278168E+01    0.183253326119866822E+01    0.497859604792222077E+00   -0.227557620173963926E+01
    0.230373199055750557E-94   -0.184883367484739938E+04    0.120201374198478894E+01    0.498792538924639706E+00    0.913540347052048318E+01    0.199955089751880610E+01    0.479249509087729120E+01    0.398847801119555423E+00   -0.218478356702859511E+01
    0.232709755774817669E-90   -0.186727453838170072E+04    0.125924226157156172E+01    0.120003212147125719E-01    0.944328221766044251E+01    0.189262156222554268E+01    0.296962861641463638E+01    0.692332190164988481E+00   -0.257198245084972088E+01
    0.365706081385646222E-66   -0.197870269876695124E+04    0.286175504183915463E+00    0.781130486333227736E-01    0.916848606130190902E+01    0.165234710273573882E+01    0.373535848877212295E+01    0.122702072717798330E+00   -0.238286451617494865E+01
    0.575895230792189723E-49   -0.205789878352616961E+04    0.133062478478560824E-01    0.636206270911241906E-01    0.929223454121659387E+01    0.179851479616410992E+01    0.467983156070477690E+01    0.296173078457366901E+00   -0.249232675474641674E+01
    0.286632358275666445E-62   -0.199663612042795944E+04    0.408170927355357871E+00    0.258384016437189468E+01    0.903155069465726257E+01    0.238934351280047874E+01    0.473921740243874723E+01    0.317143459570509934E+00   -0.221406766471691885E+01
    0.339705401746462060E-96   -0.184040009083151836E+04    0.664889943931544547E+00    0.296485764643053262E+00    0.917027993883656123E+01    0.156863020579238732E+01    0.458074476325440116E+01    0.531958077724151934E+00   -0.205053127862844864E+01
    0.141863640373934902E-79   -0.191694155907455729E+04    0.433971471120504104E+00    0.559563613634669665E+00    0.907223883231878148E+01    0.216054551441305742E+01    0.623122903196483513E+01    0.229289944453865580E+00   -0.201620343982064831E+01
    0.952947244886130987E-76   -0.193456645608862800E+04    0.257100878559515333E+01    0.274865681611503510E+01    0.949485756312096640E+01    0.189648771402794303E+01    0.271551710435017846E+01    0.618819999658549280E+00   -0.250153030497390905E+01
    0.300927425893736475E-08   -0.224541264789672869E+04    0.567534512365522215E+00    0.141869312848039789E-01    0.956400314508517368E+01    0.193662072729352075E+01    0.134093180406455370E+01    0.640120483331367285E-01   -0.245702466855882973E+01
    0.792799616807239706E-33   -0.213222079599499648E+04    0.169620805917350959E+00    0.119321241575871644E-01    0.937414758384800351E+01    0.183275685759841545E+01    0.457649303554895859E+01    0.241263231211239521E+00   -0.257030619912909764E+01
    0.684224244122514670E-60   -0.200758663138632551E+04    0.481967011224219088E+00    0.818804296453080754E-01    0.936044406890869141E+01    0.159444764256477356E+01    0.525363296270370483E+01    0.392927169799804688E+00   -0.214924836158752441E+01
    0.706870062962669719E-76   -0.193396903072322220E+04    0.100777232000451389E+01    0.712863982940180330E-01    0.939571116825739949E+01    0.120665482356472542E+01    0.536740982953679957E+01    0.514015741321696806E+00   -0.296789388816926003E+01
    0.557756991084516030E-57   -0.202099341726728335E+04    0.779967306089362822E+00    0.901647700451399386E-01    0.955303632852703544E+01    0.101065955633200755E+01    0.499826864712280727E+01    0.285314805335369182E+00   -0.299664046067786050E+01
    0.179951854947386832E-47   -0.206478265107701100E+04    0.488367660993175434E+01    0.250739436484703482E-01    0.966034913793686911E+01    0.152365136227706488E+01    0.628476073340783437E+01    0.220971039194347130E+00   -0.291950941592492885E+01
    0.244583464123407846E-64   -0.198710849246445741E+04    0.328166517029419180E+00    0.975732141286768107E-01    0.934554891496615703E+01    0.150266405207855236E+01    0.247051645093005678E+01    0.412524066023194746E+00   -0.278911507753147170E+01
    0.206243730186105591E-94   -0.184861239090168374E+04    0.322514149463616562E+00    0.131470285679874666E+01    0.924670104410935778E+01    0.168773289548378647E+01    0.315536285952873463E+01    0.512080029325508446E+00   -0.285290529175439866E+01
    0.505396813236759709E-85   -0.189185149310327915E+04    0.560509403000842843E+00    0.487318857483021312E-01    0.930301249063202818E+01    0.217097089030390178E+01    0.384174403404733456E+01    0.521837900921480857E+00   -0.313466366328614043E+01
    0.232909471738252409E-76   -0.193174863668766898E+04    0.623975266316058527E-01    0.411546540699187918E-01    0.915274299211056075E+01    0.144260072945738838E+01    0.328506948471178450E+01    0.319509151742924269E+00   -0.304032310514644610E+01
    0.615571597143771247E-25   -0.216855611900836675E+04    0.268399668522307844E+00    0.314169695723912276E-01    0.931734121429010642E+01    0.172193681959101919E+01    0.485725418167055079E+01    0.123084141703336911E+00   -0.314970141334833498E+01
    0.197372097254642096E-29   -0.214786051727102904E+04    0.395842174960043883E-01    0.160021347907590039E+01    0.908052797772329612E+01    0.204582177037601598E+01    0.393483712112138351E+01    0.277473661048860190E-01   -0.296370313120185180E+01
    0.193624761491869783E-30   -0.214321700968747518E+04    0.116220952373377195E+01    0.518451628673714179E-01    0.960762644594720783E+01    0.840172470854179010E+00    0.431985863250494617E+01    0.388978708448967370E-01   -0.303272031986997392E+01
    0.721519113040726918E-66   -0.198006175659516816E+04    0.314601382143147257E+01    0.313057751159998218E-01    0.957522756891450122E+01    0.962477048366004118E+00    0.321986040254029371E+01    0.215508639645812405E+00   -0.295073602256051926E+01
    0.241421463886317556E-96   -0.183971702171620609E+04    0.481650572719275819E-01    0.155338492326250154E-01    0.920770872869637991E+01    0.130658286786166000E+01    0.636817729248199527E+01    0.604449304540681798E+00   -0.311443128147733717E+01
    0.385451996523435370E-42   -0.208933195664697996E+04    0.149023494936409012E+00    0.111209069603064901E+02    0.876140641177389590E+01    0.228369125162784403E+01    0.619927905148649039E+01    0.178517423074454423E+00   -0.274384213947996791E+01
    0.603664142972267215E-83   -0.190141718167343743E+04    0.388945833220348547E+01    0.123092100065691021E-01    0.952266420988371820E+01    0.243593700208265274E+01    0.424438854896129758E+01    0.401157305511677165E+00   -0.291264121272925047E+01
    0.149591437088227322E-40   -0.209664927934410480E+04    0.374998811239235463E+01    0.191581731290063617E+00    0.951820318556980283E+01    0.156910545697329740E+01    0.504692419041515805E+01    0.273714046649642162E+00   -0.317743617742278728E+01
    0.505512068405960263E-77   -0.192869331063691379E+04    0.181160261262705222E-01    0.211878632284544371E-01    0.954862840272259561E+01    0.148875547463744207E+01    0.192413680326499548E+01    0.258873628823300561E+00   -0.282439254998443445E+01
    0.120910591423118754E-06   -0.225279935273453930E+04    0.920548069984969269E-01    0.365948517534805742E-01    0.938894072661109291E+01    0.128562538015839589E+01    0.400210205290595589E+01    0.126746446054736978E+00   -0.204510707125060431E+01
    0.311042970181830910E-54   -0.203364094323074164E+04    0.227346335497722291E+00    0.740488564561835316E-01    0.920810908138859219E+01    0.131540437820469824E+01    0.308764899506314228E+01    0.194688340596519655E+00   -0.282899650773069800E+01
    0.715359196705130891E-40   -0.209977903327285276E+04    0.112281142821330490E+00    0.239783040691970255E-01    0.924624658246805353E+01    0.265479996925302497E+00    0.636891031381005401E+01    0.419802943465425599E-02   -0.253551528897102507E+01
    0.172525134133955572E-73   -0.194496393341808721E+04    0.167481967117910718E+00    0.139242194888151965E-01    0.919047736391284431E+01    0.983455811327118568E+00    0.616479326697453800E+01    0.346622641014617316E+00   -0.205367673230824499E+01
    0.995994748916235517E+00   -0.228464775510405070E+04    0.232450972739631986E-01    0.162249611883094697E+00    0.944001077860305493E+01    0.158098644743678629E+01    0.363836922223162285E+01    0.123080440396662036E+00   -0.259671007120476638E+01
    0.249751715732778759E-09   -0.224043467403397335E+04    0.110608394901019189E+00    0.404695902529886595E+02    0.913410516842301590E+01    0.117125248383053071E+01    0.253802902509688844E+01    0.717505093055861853E-01   -0.352514991084384510E+01
    0.554442139831812560E-98   -0.183216951781599073E+04    0.492105056652841280E-01    0.219399634451414416E+01    0.886788015965399623E+01    0.116332986348845535E+00    0.416056252313196850E+01    0.458394782488894315E+00   -0.399579603093621305E+01
    0.764222380566799716E-86   -0.188807335277998436E+04    0.211303347482069537E+01    0.136957227114865399E+01    0.897969329000070360E+01    0.651149176429526189E+00    0.446961907710673856E+01    0.143151967626913873E+00   -0.277499746375422340E+01
    0.840728040351012021E-38   -0.210931234052802802E+04    0.397856961769792350E+00    0.987650861085863307E+00    0.958545201659697987E+01    0.184533803579028066E+01    0.597921188179588281E+00    0.194706340189450128E+00   -0.279702662106600908E+01
    0.371268309202113503E-90   -0.186820880440755991E+04    0.100093971393780401E+01    0.659229413109447493E+00    0.931891837573479265E+01    0.360719028667101815E+00    0.551620891193248197E+00    0.464490541993921313E+00   -0.204272383194333074E+01
    0.118336814969279259E-91   -0.186131685405363805E+04    0.194559697988953478E+00    0.258638948865052953E+00    0.904558480728891645E+01    0.521091505929515905E-01    0.231646592966586962E+01    0.425264218097859081E+00   -0.279919329524647109E+01
    0.409417731748484401E-86   -0.188682510710595648E+04    0.695550565067014903E-01    0.600136151761722969E+00    0.917893483837667468E+01    0.196976885638005417E+00    0.263216852482431540E+00    0.547068100481028052E+00   -0.285913582868154492E+01
    0.266547644417183015E-34   -0.212543559082151478E+04    0.785420853793035056E+00    0.195908086861098862E+01    0.919245059400808096E+01    0.396837431577458599E+00    0.444686311699650627E+01    0.241943814536454305E+00   -0.280362289357589667E+01
    0.145410170765663699E-74   -0.194001679439593204E+04    0.551831560206876515E+00    0.144265728633748772E-01    0.943454024427330751E+01    0.922606744467347584E+00    0.127611864223053306E+01    0.522739807552933367E+00   -0.226656886204959207E+01
    0.202463085250206330E-88   -0.187620640991603841E+04    0.691172379406651133E-01    0.267309960240090738E+00    0.942764613283206465E+01    0.690459640985045975E+00    0.456973285799567031E+00    0.357618690799719918E+00   -0.353488275055023093E+01
    0.797342019731993093E-62   -0.199868228704330409E+04    0.535398545432624551E+00    0.185947124554871546E+01    0.938935035365033954E+01    0.209406627207613549E+00    0.118068018143527365E+01    0.377076048752007509E+00   -0.259922181523249129E+01
    0.129834059828951141E-80   -0.191215917059866433E+04    0.212437148227682421E+00    0.424305661514822463E-01    0.942870412884044384E+01    0.523569191412606494E+00    0.133036764534820517E+01    0.432186617606358681E+00   -0.246251210393145215E+01
    0.521166730403879037E-83   -0.190112328571729654E+04    0.534479439474774970E-01    0.217743681340421297E+00    0.903268850560277059E+01    0.671221189453323763E+00    0.392628042054423609E+01    0.241979441233768633E+00   -0.208443240740035263E+01
    0.588578072856058172E-77   -0.192899758597628647E+04    0.227689840926449644E+00    0.292174616244819951E+01    0.911267011080946077E+01    0.590999675242557254E+00    0.178499127309488292E+01    0.453330667269581211E+00   -0.253554584982904974E+01
    0.725528644544565930E-77   -0.192941596792023552E+04    0.408747121891526399E+00    0.985744427080165075E+00    0.917938386005478435E+01    0.282705661340935555E+00    0.485140340214777499E+01    0.445452729221570920E+00   -0.226849918205765366E+01
    0.196741880473804350E-30   -0.214324895079002363E+04    0.382829390519694862E-01    0.818517043146647749E+00    0.909519556090693726E+01    0.648433014311580319E-01    0.329418173847220297E+01    0.300058103827214838E-01   -0.255142919263013201E+01
    0.223532763367075782E-56   -0.202376985670903400E+04    0.935701272554608221E+00    0.233222485739083302E+00    0.952044871588859820E+01    0.522421533058987225E-01    0.335118515951709384E+00    0.454696307253490084E+00   -0.202925825178876851E+01
    0.183596117534954517E-63   -0.199114002607928251E+04    0.547698541902391534E+00    0.121183397096810097E+01    0.964811789505817252E+01    0.194519700030323617E+01    0.476124124628450829E+00    0.276844745725901009E+00   -0.233450312274676675E+01
    0.588087727565306706E-25   -0.216846476875017106E+04    0.343613725179393592E+00    0.985148446410192613E+00    0.940396360198007031E+01    0.626997681003772400E+00    0.145594776824561301E+01    0.206417422277740847E+00   -0.353858143801021940E+01
    0.518424080998434136E-33   -0.213137124218865210E+04    0.508646575075250088E-01    0.887087508783633849E+00    0.906485055153706476E+01    0.125548103498917596E+00    0.244452560239547712E+01    0.139785951099386463E+00   -0.241668999883364144E+01
    0.918841565982516873E-40   -0.210027969111216134E+04    0.145860131096052270E+01    0.161750047292051002E+01    0.970655234956159063E+01    0.898924670407807325E+00    0.665539726803832332E+00    0.136731614584820665E+00   -0.292919487398689604E+01
    0.607730908980860449E-52   -0.204419088586204134E+04    0.313579027721295645E+00    0.583473833698233024E+00    0.944968983738570500E+01    0.486522611007325981E-01    0.338160026853237783E+01    0.415872233156520527E-01   -0.299118478766269824E+01
    0.710878288041844733E-98   -0.183266659536834300E+04    0.854875038962322753E-01    0.531457257721433887E-01    0.924298773764699888E+01    0.105679627188215264E+01    0.359947255295577317E+01    0.660286813649372473E+00   -0.217657362096754614E+01
    0.661175513277845485E-86   -0.188778367380128043E+04    0.282833841288053467E+01    0.161096686727532322E-01    0.965975259973868816E+01    0.139022677743782497E+01    0.208759076991479597E+01    0.975515404761663624E-01   -0.200492864379829383E+01
    0.570982902256828895E-58   -0.201643511887734394E+04    0.455878103434301796E+00    0.129026720299481382E-01    0.925991230771790796E+01    0.807629371880591806E+00    0.517742907881213243E+00    0.207142451839190000E+00   -0.230123756849531658E+01
    0.152975328613285531E-75   -0.193551306049914047E+04    0.347672640118057985E-01    0.514961466827722036E+00    0.899301176113836043E+01    0.702564763933750225E+00    0.266828397533384676E+01    0.732354749324972132E-01   -0.200934750516479355E+01
    0.373836646659602728E-22   -0.218137416489824363E+04    0.588844543641296569E+00    0.162194119278584910E-01    0.931861167292545645E+01    0.297020650903500327E+00    0.505186912627566365E+01    0.159151685216673833E+00   -0.225914425091688464E+01
    0.119245694176488246E-45   -0.207316998480695383E+04    0.233035445995973989E+01    0.659304643396430717E-01    0.947416436672210693E+01    0.384974181652069092E+00    0.521171361207962036E+01    0.378283262252807617E+00   -0.230788958072662354E+01
    0.103240125926141093E-30   -0.214195928074279436E+04    0.104117179392007236E+00    0.100694929630157651E+00    0.924271310343919161E+01    0.793293162085325854E+00    0.413215568522877241E+01    0.154003885626523451E+00   -0.207588203737741228E+01
    0.324925511793053633E-78   -0.192320418854933860E+04    0.733190072352474798E-01    0.131340334104161020E-01    0.938140010423123982E+01    0.713463594888039787E+00    0.216314670590678215E+00    0.429695706852585568E+00   -0.320419592231514327E+01
    0.831519414503464462E-73   -0.194810935685038726E+04    0.200720017985974927E-01    0.677044010898153470E-01    0.924510166333074856E+01    0.535507037683791265E+00    0.360779741477763904E+01    0.453179102831227310E+00   -0.290658606987443324E+01
    0.958792959002513571E-90   -0.187010630471228887E+04    0.257284900163577346E+01    0.148214437428624939E-01    0.980620890359879205E+01    0.771304789069485963E+00    0.134185798247764376E+01    0.858075382235524813E-02   -0.233056342759264012E+01
    0.130252857025059525E-93   -0.185229839906701409E+04    0.153673936646192333E+00    0.160614381969121012E+01    0.935206839756119734E+01    0.790079221967694867E+00    0.405191674292411186E+01    0.240778338552326943E+00   -0.291930539690790081E+01
    0.121016305242647660E-83   -0.189820299627742202E+04    0.120765797966355531E+00    0.323007734326615448E+00    0.903854505355436189E+01    0.563945522925225262E+00    0.155151043282953011E+00    0.224708352627571217E+00   -0.308129548483112581E+01
    0.305407720013838603E-89   -0.187242341992198180E+04    0.226195702817954085E-01    0.176011463419958769E+00    0.906932412541719479E+01    0.440417217049379417E+00    0.428828475184030733E+01    0.445076980999130956E+00   -0.208086027528215478E+01
    0.107367322888832398E-73   -0.194401535931537023E+04    0.165755356573939368E-01    0.817692116866487184E-01    0.906491286327396928E+01    0.727095066461574957E+00    0.242961353801800817E+01    0.151512469260182137E+00   -0.217120058014521966E+01
    0.157945975638452292E-82   -0.190334082197866655E+04    0.958300503868875359E-01    0.142796059849003338E+02    0.903452202124650761E+01    0.547991176010459297E-01    0.226851358063752073E+01    0.422348673778152273E+00   -0.213152610037169143E+01
    0.294142923528204709E-83   -0.189997927726356920E+04    0.145452216908785986E+00    0.191582318322415825E-01    0.912281335254008674E+01    0.108665601907741910E+00    0.126555711126590098E+01    0.449007492124054775E+00   -0.212452120791225463E+01
    0.909160247110578962E-40   -0.210025850642991236E+04    0.300040716526837670E+00    0.307074182699149795E-01    0.919511900015657169E+01    0.267361180413622945E+00    0.243785282834690875E+01    0.153822029848770275E+00   -0.275754515606690109E+01
    0.397467453515026860E-83   -0.190058137180182780E+04    0.325611850138326164E+00    0.136800131875015669E+02    0.900913425591995143E+01    0.993340496252534844E+00    0.165688210136746727E+01    0.489837744538165476E-01   -0.215598253998846090E+01
    0.480259240073691351E-66   -0.197924769094123258E+04    0.827791430167521408E-01    0.783603895514257829E+03    0.904280974845184460E+01    0.747262360499013178E+00    0.110089855971558448E+01    0.908466694597866442E-01   -0.232484167413223153E+01
    0.929601131034206783E-63   -0.199438406062157651E+04    0.291447801452828781E+00    0.540067932986654910E+03    0.927541356280180196E+01    0.904653401162454740E+00    0.259746067698344074E+01    0.336958579063152630E+00   -0.242885975898520989E+01
    0.153524637928309093E-69   -0.196315125042372301E+04    0.617637117085722775E+00    0.880338547979556267E+02    0.916971171318026990E+01    0.433563485879667421E+00    0.138776713210884717E+01    0.354549005063106437E+00   -0.201766628932456005E+01
    0.212730871888421353E-69   -0.196380358400916361E+04    0.130486102524384667E+00    0.253328081297588085E+03    0.899696764717510433E+01    0.627043251692594117E+00    0.164589113380485719E+01    0.139030495923658348E+00   -0.205695624581730652E+01
    0.462162892448691217E-47   -0.206666910721180875E+04    0.984863136803227901E-01    0.169255038563277083E+02    0.911328176061285511E+01    0.737014573022340747E+00    0.146525237000997421E+01    0.233117093652234729E-01   -0.203440133327716577E+01
    0.118926790767326525E-92   -0.185672163022267023E+04    0.497985504310467897E+00    0.812622244896467123E+02    0.947340400771499169E+01    0.116260870396310434E+01    0.477808851645627253E+00    0.609120736034906241E+00   -0.285026341161986085E+01
    0.135825581821809800E-53   -0.203658899442796928E+04    0.190152338079426303E+00    0.191439939951476589E+03    0.920532602071762085E+01    0.438046902418136597E+00    0.472270846366882324E+00    0.291220188140869141E+00   -0.273870706558227539E+01
    0.564486812930120251E-89   -0.187365195862570818E+04    0.213462700982653998E-01    0.459935336833986810E+02    0.883802845097028467E+01    0.227184401000809805E+00    0.220672517122210099E+01    0.250284497449426713E+00   -0.290139390670900665E+01
    0.427837168328362111E-67   -0.197441135402277655E+04    0.149119350585329824E+00    0.446397215263684643E+03    0.931591727506763512E+01    0.105228566604872076E+01    0.159442777564740301E+01    0.391288010479742210E+00   -0.245735572080757469E+01
    0.895682125040098157E-35   -0.212325448578140731E+04    0.443632988002584730E-01    0.105324484695919924E+02    0.906893488577545881E+01    0.123885549305531217E+01    0.241475566774730810E+01    0.116120390156620221E+00   -0.209914598388909912E+01
    0.124687089226354684E-85   -0.188905241994957350E+04    0.907519340941091990E-01    0.961493658436325290E+03    0.894220931551772225E+01    0.252609573118521447E+00    0.133316957292968863E+01    0.268331949690818694E+00   -0.366611596117262284E+01
    0.159893817554013434E-90   -0.186652397430360543E+04    0.360445508059290987E+00    0.126599945960457887E+03    0.930616327724191450E+01    0.164797509667702080E+01    0.136100550558765043E+01    0.601005084487605590E+00   -0.225881063038561880E+01
    0.203968511208521148E-64   -0.198674531048023437E+04    0.251583922974344745E-01    0.867927475281038880E+02    0.885692517627198583E+01    0.416815126371543609E+00    0.289337134770220006E+01    0.867026350884915892E-01   -0.237634605982957536E+01
    0.326466567149498200E-65   -0.198308086413556634E+04    0.251340797780987968E+01    0.186321790586642351E+03    0.968263503939627412E+01    0.192258252786891504E+01    0.238911825391162669E+01    0.304943610240193119E+00   -0.249646112472072179E+01
    0.105885876205347407E-23   -0.217424608060462242E+04    0.934776172344785189E-01    0.966964081036451972E+01    0.903306009951182887E+01    0.307761858324954285E+00    0.258741002943117149E+01    0.102624934619386807E+00   -0.221830156575643267E+01
    0.175247053016775978E-93   -0.185289183725614544E+04    0.204709024164025782E-01    0.186835542940557417E+03    0.886501831273661267E+01    0.105617795269787451E+01    0.341558255626112128E+01    0.434901055308981654E+00   -0.252082163229283829E+01
    0.946431595985457887E-60   -0.200823545736907317E+04    0.181355252063077413E-01    0.216715923396200161E+02    0.903927159968105265E+01    0.168278101145601600E+01    0.271166432926630918E+01    0.287079308077720974E+00   -0.247388267523508221E+01
    0.362831746668044578E-87   -0.188197834339031101E+04    0.457640091261381776E-01    0.309791324521681695E+02    0.902963498550348298E+01    0.667241643851192778E+00    0.808157915438114216E+00    0.338044695412664409E+00   -0.338539325888876830E+01
    0.145407791722046488E-38   -0.210580288836940326E+04    0.475434007415280524E+00    0.260084626911854890E+02    0.955904694488071449E+01    0.190660630977610490E+00    0.112684419154873927E+00    0.246666683347536997E+00   -0.235475366853987023E+01
    0.104024131500432678E-29   -0.214657958155136703E+04    0.140047914882411728E+01    0.242873722302815942E+02    0.964631533677842867E+01    0.115103587175611688E+01    0.100911986388255404E+01    0.753192905192656970E-01   -0.327739788617969596E+01
    0.421176888598785921E-73   -0.194674895337288581E+04    0.224393736359308565E+00    0.483138682943789036E+03    0.943350022931766219E+01    0.238101710043327985E+01    0.173828544906035343E+01    0.332470187815909146E+00   -0.228386120090387124E+01
    0.828597778628424284E-91   -0.186520925390587081E+04    0.566087228253519537E+00    0.236823827652886791E+03    0.935949499389194628E+01    0.203691776581258699E+01    0.437259449263351474E+00    0.618299904935788791E+00   -0.216972119842172662E+01
    0.224314944317817409E-79   -0.191785792857175375E+04    0.307914906445380249E-01    0.714189861074796823E+02    0.897089388477392902E+01    0.794493996151558579E+00    0.310974961836564967E+01    0.412136212881313191E+00   -0.352967481724702292E+01
    0.231101195683176881E-26   -0.216199155767985349E+04    0.564470591229187302E+00    0.301509274791896587E+03    0.932691946633753233E+01    0.108766873476966763E+01    0.166161619744955824E+01    0.223277634515379964E+00   -0.285021418014074968E+01
    0.139282133463554182E-33   -0.212874265822193775E+04    0.347641748858761243E-01    0.965547311650062511E+03    0.918312193682391609E+01    0.118085303533256014E+01    0.205366152075251307E+01    0.236647423438257759E+00   -0.222103539744970568E+01
    0.165467901400223429E-80   -0.191264421070773324E+04    0.731638902118995738E+00    0.155499925446083097E+03    0.930229723265975750E+01    0.976769115741848992E+00    0.238009904099354630E+00    0.498142932571717795E-01   -0.294036486383786366E+01
    0.711271278457699028E-25   -0.216884512428751395E+04    0.299484901805103176E+00    0.143035574536749351E+03    0.908782662685940146E+01    0.490857200637486446E+00    0.386306782207518040E+01    0.209695688575741640E+00   -0.236014930294089176E+01
    0.144294707478793121E-25   -0.216565473205934904E+04    0.527196764623332759E+00    0.299530804131789580E+03    0.914856131634349801E+01    0.989727927902015261E-02    0.354169720332922333E+01    0.166898882244208346E+00   -0.230978859029413419E+01
    0.161330339180062325E-71   -0.195404009604624980E+04    0.226332730864901288E+01    0.584727552036618121E+02    0.926363106564117622E+01    0.886483400678496736E+00    0.300613090610332367E+01    0.515173878021264686E+00   -0.258951659069736184E+01
    0.409849271325024034E-52   -0.204340300038425539E+04    0.227440778477325312E+01    0.212581153431712089E+02    0.961029132931121666E+01    0.801614296556921624E+00    0.261898607999694599E+01    0.193686278954380287E+00   -0.297266438974598124E+01
    0.187844103807216701E-03   -0.226749598534280267E+04    0.129024841066864709E+00    0.863766735105533314E+02    0.881370484148576949E+01    0.487878037322853342E+00    0.515598387321269591E+01    0.130524528718700850E+00   -0.203563639414353270E+01
    0.380795114791059302E-02   -0.227351445370933789E+04    0.532133954911940488E+00    0.623504862315155677E+02    0.887517819695484533E+01    0.500124921184181725E+00    0.463045018152695853E+01    0.112736025468371789E+00   -0.308679293317165282E+01
    0.932377037395269485E-36   -0.211872961899656320E+04    0.232463709551551245E+01    0.364138759847371034E+02    0.908192525421610952E+01    0.105930872418480448E+01    0.520835269948864976E+01    0.109679554350450945E+00   -0.235120865516076805E+01
    0.767700937099789129E-16   -0.221044434866242864E+04    0.805650677398445758E+01    0.727861321124647702E+02    0.926142507686116190E+01    0.111535263229586423E+01    0.474465087971038457E+01    0.139894354984478247E+00   -0.264040283611764615E+01
    0.377994574134426811E-74   -0.194192743705288513E+04    0.618822591073931103E-01    0.118315406012572417E+02    0.881331995202203622E+01    0.898372704704699654E+00    0.358246866320250046E+01    0.233195748874362535E+00   -0.310347363435610912E+01
    0.842440875146258046E-58   -0.201721300730973689E+04    0.241268477650458557E+00    0.800743805211563767E+03    0.918457550468467510E+01    0.993753370455235485E+00    0.318409004455865086E+01    0.324146140115212256E+00   -0.244901583547396484E+01
    0.832852573431315214E-27   -0.215995038939923188E+04    0.595134521713793774E+00    0.930129857513186806E+02    0.969166221128678096E+01    0.220216226413282046E+01    0.270964895963621666E+00    0.132504038128951646E+00   -0.280767998620856662E+01
    0.521095394141846592E-93   -0.185507131008266947E+04    0.730951267857647524E+00    0.120433709313672366E+01    0.917260799867393040E+01    0.729101150010893262E+00    0.838807246586446675E+00    0.354605703858514865E+00   -0.250283081111579087E+01
